0.0
3.80425107923019e-15
-9.513655326678887e-16
-2.243633297718282e-15
3.605049084531135e-15
2.7488721956224698
3.665162927496621
12.828070246238184
1.8325814637483167
0.0
2.368059993933912e-15
-4.431569828323473e-16
-1.6709766625262914e-15
2.205178519807447e-15
1.5324768712979737
1.0216512475319823
7.66238435648987
3.064953742595951
0.0
4.232461150758847e-15
-8.795448313639961e-16
-3.9094882209716485e-15
4.176594899264104e-15
2.7488721956224733
1.832581463748313
13.744360978112356
4.5814536593707915
0.0
2.079441541679834
4.711121524731626e-16
-3.3169189710512053e-15
2.079441541679836
3.465735902799732
1.3862943611198908
4.9207068932420905e-15
-4.786759791303554e-15
0.0
0.2231435513142099
0.22314355131420974
0.22314355131421043
1.7529947606858662e-16
0.6694306539426297
0.2231435513142093
1.1157177565710485
3.710715816649529e-16
0.0
1.3423633819017657e-15
1.2152610742024134e-16
1.3862943611198901
1.3862943611198917
2.079441541679839
-4.669227882134517e-16
2.079441541679834
2.772588722239782
0.0
9.275540062003455e-16
1.235283894584163e-16
-2.0173879886772338e-16
0.510825623765991
2.043302495063964
1.552051691662693e-15
1.0216512475319708
-3.370408101051938e-15
0.0
2.6447151839094225e-15
6.256402492572096e-16
-6.688952884969421e-15
4.565663652088439e-16
3.2188758248682006
-4.618296491447681e-16
5.009748600257514e-15
11.266065387038688
0.0
3.112756788870388e-15
9.185362568614005e-16
-1.2159439810419723e-14
9.481127253817787e-16
1.6094379124340987
-1.163696672539525e-15
-2.1698772708310497e-15
20.922692861643327
0.0
3.9953312354005786e-17
-3.4574711743906037e-15
25.328436022934515
-1.842535283363514e-15
-1.0947061866690557e-14
-2.8427803521700584e-16
-9.344354410768868e-15
-1.3789578206968978e-14
0.0
1.536060997755037e-15
-2.9411947422027453e-16
-1.226475311853867e-15
1.4543135542004716e-15
1.2039728043259381
6.912282257848484e-16
4.815891217303749
1.20397280432594
0.0
2.439077883947288e-15
8.188205437840974e-16
-1.0688384975249644e-14
9.932081376370338e-16
-2.6145756090741183e-15
-1.424016889803776e-15
-3.068329525397065e-15
20.72326583694644
0.0
0.916290731874155
1.1954124460933997e-16
-4.50214873525289e-16
-2.0890306366645753e-16
2.7488721956224667
2.2167622236110607e-16
6.349370054398883e-16
-2.3051546379316635e-15
0.0
0.9162907318741549
-3.6047125992015183e-16
3.6651629274966204
-3.533655064704683e-16
1.8325814637483093
2.0680278040810934e-17
-7.963964338897901e-16
1.8325814637483095
0.0
0.693147180559945
3.0869677844148217e-16
-4.872261449597292e-17
1.3862943611198915
1.3862943611198915
8.961429761398762e-17
0.6931471805599474
1.3862943611198908
0.0
3.629144508661939e-16
-1.0787071420247366e-16
-4.49938305845276e-16
4.011241975387042e-16
4.3727423453988014e-16
0.6931471805599453
1.3862943611198928
0.693147180559947
0.0
1.6033754835617189e-15
-2.5125650370093404e-16
-1.921887377854858e-15
1.4127968751210233e-15
0.9162907318741567
0.9162907318741556
4.581453659370781
2.74887219562247
0.0
1.6934865732311617e-15
2.558659361301171e-17
-1.9568805714627424e-15
7.555866433281795e-16
2.4079456086518736
4.562641657068365e-16
2.4079456086518753
2.407945608651875
0.0
2.184677385477994e-15
6.003317087426172e-16
-7.535324001761412e-15
5.699853298973475e-16
1.6094379124340998
-6.669169638752924e-16
-7.378992368872922e-16
12.875503299472816
0.0
1.369832915911485e-15
-5.229573794649559e-16
-9.93972100966913e-16
1.7293952517949121e-15
1.937096382296855e-15
2.4079456086518722
6.019864021629689
1.203972804325941
0.0
3.1581818707777717e-17
-2.5139774514904994e-15
18.420680743952378
-1.4409549914218316e-15
-7.7697337157169e-15
-1.5817508343321102e-16
-6.483012987126661e-15
-8.828413322665416e-15
0.0
1.6749788834410495e-17
-1.885632152622793e-15
13.815510557964286
-1.0460217241468646e-15
-5.7995446705878965e-15
-6.485442791835112e-17
-4.612459423844892e-15
-6.626623624064632e-15
0.0
1.3986575954440407e-15
-5.80235782196642e-16
1.2039728043259348
1.8064051214717555e-15
9.177551093459223e-16
6.060480107316657e-16
6.019864021629684
2.4079456086518785
0.0
2.0403778414110409e-16
-9.87823811572317e-17
-3.773991174598773e-17
2.8108970468709744e-16
3.987614902490527e-16
0.5108256237659908
1.021651247531983
5.144657363660742e-16
0.0
3.007662737552139e-16
-4.533328633339203e-17
3.98491671605358e-16
0.6931471805599462
5.737174830912161e-16
3.006648501324556e-16
2.079441541679838
1.0830031047044374e-15
0.0
1.6749788834410495e-17
-1.885632152622793e-15
13.815510557964286
-1.0460217241468646e-15
-5.7995446705878965e-15
-6.485442791835112e-17
-4.612459423844892e-15
-6.626623624064632e-15
0.0
1.0137288475637942e-15
-3.1416944993243144e-16
2.7488721956224658
5.554778870807098e-17
1.8325814637483095
1.4430215791228137e-16
0.916290731874155
0.9162907318741538
0.0
3.2749075324565813e-16
3.200559728401807e-16
9.358365347355792e-16
1.8325814637483109
0.9162907318741559
1.0171492829402291e-16
0.9162907318741575
-1.6205893994592058e-15
0.0
1.203972804325936
-1.738795378284564e-16
2.407945608651872
-4.511135789922268e-16
3.611918412977809
2.564727612153332e-16
-2.345266372389473e-16
-4.8787888622315494e-15
0.0
8.361938513029435e-17
2.7407063331532894e-17
-3.607677703416153e-16
3.336247408855195e-17
-8.46516625239511e-17
-4.591557785612065e-17
-4.28108819652736e-17
0.6931471805599461
0.0
1.2039728043259363
1.1582123720060212e-16
-1.0258429161067365e-15
8.902297934655201e-17
4.815891217303747
6.568584772064465e-16
1.2039728043259386
-3.3471682168967993e-15
0.0
3.804420990090441e-17
-2.199533747835179e-15
16.11809565095833
-1.1740994054386163e-15
-6.6736168798674425e-15
-1.6008689116279137e-16
-5.492225017998667e-15
-8.088193569326655e-15
0.0
3.761523299537249e-16
-7.120203050455557e-16
4.815891217303747
4.167786619637044e-17
-1.7803459347959597e-15
4.029347609486388e-17
1.203972804325935
1.2039728043259361
0.0
1.6749788834410495e-17
-1.885632152622793e-15
13.815510557964286
-1.0460217241468646e-15
-5.7995446705878965e-15
-6.485442791835112e-17
-4.612459423844892e-15
-6.626623624064632e-15
0.0
1.5790909353888858e-17
-1.2569887257452497e-15
9.210340371976189
-7.204774957109158e-16
-3.88486685785845e-15
-7.908754171660551e-17
-3.2415064935633304e-15
-4.414206661332708e-15
0.0
2.3206924290572465e-17
-1.571161375179103e-15
11.512925464970234
-8.520246372612806e-16
-4.980983682885468e-15
-1.2921731642598907e-16
-4.121272123972956e-15
-5.6295881761955246e-15
0.0
1.9628859843814308e-16
-8.152131899513886e-16
6.437751649736404
-3.9136989656677884e-16
-2.9356842375637672e-15
-1.587954168655454e-16
-2.3957263223364303e-15
1.6094379124340994
0.0
1.1102632044866774e-15
-2.02161013917509e-16
0.916290731874155
3.488530783130836e-16
1.832581463748311
0.916290731874155
1.8325814637483135
-1.4369533314738533e-15
0.0
6.374292308654343e-16
-1.1582406332860084e-16
0.916290731874155
2.1430987308180954e-16
0.9162907318741552
1.1022017986828424e-16
0.9162907318741558
0.9162907318741556
0.0
1.3704620712562937e-15
4.552737437953716e-16
-6.153868350499083e-15
5.510112897764477e-16
-1.4031987763371875e-15
-6.986020984794196e-16
-1.0631653785018257e-15
11.512925464970243
0.0
1.297537974830498e-15
-4.795942167510466e-16
4.828313737302302
-4.492531134261086e-16
3.2188758248682
1.287114991630807e-16
-1.067836730232201e-15
-5.649439481884115e-15
0.0
5.865506778636139e-16
-4.930666044582284e-16
1.6094379124341007
8.267789319685011e-16
-1.1384963145259463e-16
3.6694479642653916e-16
3.218875824868203
1.5059562352472144e-15
0.0
7.539909623598176e-16
7.1896417660108e-17
0.9162907318741557
0.9162907318741557
1.8325814637483107
1.8177966853881928e-16
0.9162907318741563
-2.2657166912632746e-15
0.0
9.03253944220563e-16
-1.2441133638138103e-16
0.9162907318741549
7.333070185655362e-17
1.8325814637483109
0.9162907318741549
0.9162907318741571
-2.178729729537598e-15
0.0
5.089168580041982e-16
-2.6639468082501294e-16
0.9162907318741551
4.55401545503932e-16
3.485354749160616e-16
0.9162907318741551
1.832581463748313
0.9162907318741564
0.0
5.236370330479547e-16
-1.5185597448331553e-16
0.9162907318741557
1.7135298766507964e-16
0.9162907318741552
1.8586508647974294e-16
0.9162907318741558
-5.4000821341387465e-16
0.0
3.4814443591194057e-16
-6.731508294030439e-18
6.824290429341451e-16
1.2039728043259368
7.878110403280106e-16
1.203972804325936
2.4079456086518767
2.7590912410682678e-16
0.0
1.8432149433522137e-15
-4.552269500455325e-16
-6.388541915731418e-16
1.8676492531860917e-15
1.6094379124341032
8.152092565692021e-16
6.437751649736406
2.8981105235363798e-15
0.0
2.504820454157997e-15
3.5870299449002267e-16
-1.4129288392102586e-15
-1.900334408354315e-16
6.437751649736404
4.0348109096848414e-16
1.0338737130813531e-15
-6.882021292797047e-15
0.0
1.4011350859167769e-15
-1.3823791217174913e-17
0.9162907318741542
1.6286124918625304e-16
2.748872195622466
2.1887097136825567e-16
0.916290731874156
0.9162907318741538
0.0
1.635796601992923e-15
6.85220616052965e-17
-9.140680501156255e-16
1.4884265104024717e-16
3.611918412977811
1.2039728043259361
1.20397280432594
-2.9518124123923024e-15
0.0
2.1255238705200695e-15
-9.794980738981836e-16
-2.9070328547769104e-16
3.417222861467646e-15
3.4852103273570774e-15
1.7072632376442313e-15
11.512925464970241
8.149345066631565e-15
0.0
4.828313737302294
-3.2747684958457576e-16
4.928807984885461e-16
-4.226866195495923e-17
2.5183767388163713e-15
4.520911237108586e-16
1.6094379124341023
3.745626279570615e-15
0.0
0.9162907318741546
-6.421813493883026e-17
-9.531730907227142e-16
2.0424653753697334e-16
4.760637717546965e-16
0.9162907318741551
0.9162907318741572
1.8325814637483129
0.0
3.125218141746408e-16
-7.952933347394623e-16
4.828313737302303
1.1934893638569517e-16
-1.5298430799765354e-15
1.7234343680318317e-16
1.6094379124341003
-1.320985785967471e-15
0.0
4.158783717533557e-16
-1.322459759301884e-16
0.6931471805599454
8.25491606399035e-17
0.6931471805599454
0.6931471805599453
0.6931471805599466
-9.44779993502075e-16
0.0
8.943077802399955e-16
-3.0989857179509394e-17
1.2039728043259363
-1.9012227015756102e-16
2.4079456086518722
1.0318456450206305e-16
9.776100241464978e-17
-2.994002799240239e-15
0.0
2.5605495365266224e-16
-9.078605809566113e-17
1.0216512475319814
-7.388720594099954e-17
0.5108256237659906
-7.930877404797521e-18
-2.7925003440804365e-16
0.5108256237659906
0.0
7.001468058524002e-16
-1.9937507261197271e-16
1.2039728043259368
2.1683408927561718e-16
1.2039728043259366
1.8927648880002232e-16
1.2039728043259366
-9.269293035342826e-16
0.0
0.22314355131421076
0.4462871026284196
0.22314355131421054
0.44628710262842003
1.785148410513679
0.8925742052568388
2.6777226157705263
1.1157177565710517
0.0
2.0961416720052685e-15
1.2937284160314756e-16
-1.0513048621925835e-15
3.085089633397509e-16
4.828313737302303
4.751260119227444e-16
1.6094379124341025
-3.170784934696761e-15
0.0
3.79621857748575e-16
2.8095188832195307e-17
-2.1368248758752624e-16
-8.934856197536639e-17
0.9162907318741554
0.916290731874155
1.4721623304943567e-15
-1.2023809239704737e-15
0.0
2.0961416720052685e-15
1.2937284160314756e-16
-1.0513048621925835e-15
3.085089633397509e-16
4.828313737302303
4.751260119227444e-16
1.6094379124341025
-3.170784934696761e-15
0.0
4.1674821987419857e-16
-2.837397305075772e-17
-1.0774525891939602e-15
3.051844321153247e-16
1.0815429084966083e-16
0.916290731874155
0.9162907318741571
1.8325814637483124
0.0
4.584180693786613e-16
-1.1903378511862419e-16
-5.828221120911778e-16
5.887973880619027e-16
4.943756825072732e-16
2.0073765840639377e-16
1.8325814637483115
0.9162907318741575
0.0
7.61889828692473e-16
2.5470456932839587e-16
-3.493901382915847e-15
3.0527741806113823e-16
-7.617479505244702e-16
-4.029753937839411e-16
-6.1267552760950725e-16
6.437751649736408
0.0
1.203972804325935
6.824850175332246e-17
-8.140681205897254e-16
-1.234515486248309e-16
1.203972804325937
7.721190294516664e-17
4.311933838285133e-16
1.2039728043259375
0.0
-4.968539502504081e-16
9.141918228737643e-16
3.1621136702807072e-15
4.828313737302301
3.742313025366539e-16
-3.0726177782476853e-16
3.635331201960404e-15
-3.642253266956957e-15
0.0
8.374894417205247e-18
-9.428160763113966e-16
6.907755278982143
-5.230108620734323e-16
-2.8997723352939483e-15
-3.242721395917556e-17
-2.306229711922446e-15
-3.313311812032316e-15
0.0
8.374894417205247e-18
-9.428160763113966e-16
6.907755278982143
-5.230108620734323e-16
-2.8997723352939483e-15
-3.242721395917556e-17
-2.306229711922446e-15
-3.313311812032316e-15
0.0
4.642451133007145e-18
-4.393332833495125e-16
3.2188758248682023
-2.3384463292206935e-16
-1.3726236309693968e-15
-3.0760575269070626e-17
-1.1351565281355088e-15
-1.6828746586358217e-15
0.0
0.0
0.0
0.0
0.0
0.0
0.0
0.0
0.0
0.0
2.3212255665035727e-18
-2.1966664167475625e-16
1.6094379124341012
-1.1692231646103468e-16
-6.863118154846984e-16
-1.5380287634535313e-17
-5.675782640677544e-16
-8.414373293179108e-16
0.0
8.374894417205247e-18
-9.428160763113966e-16
6.907755278982143
-5.230108620734323e-16
-2.8997723352939483e-15
-3.242721395917556e-17
-2.306229711922446e-15
-3.313311812032316e-15
0.0
8.374894417205247e-18
-9.428160763113966e-16
6.907755278982143
-5.230108620734323e-16
-2.8997723352939483e-15
-3.242721395917556e-17
-2.306229711922446e-15
-3.313311812032316e-15
0.0
3.9477273384722146e-18
-3.142471814363124e-16
2.3025850929940472
-1.8011937392772895e-16
-9.712167144646126e-16
-1.9771885429151378e-17
-8.103766233908326e-16
-1.103551665333177e-15
0.0
3.997895106472982e-17
-2.9494558097354824e-17
-7.379375831465222e-18
-8.58868305330048e-17
8.679369784435419e-17
1.203972804325936
1.6439130357016099e-15
-5.991270764908356e-16
0.0
1.2524102270789985e-15
1.7935149724501133e-16
-7.064644196051293e-16
-9.501672041771575e-17
3.218875824868202
2.0174054548424207e-16
5.169368565406766e-16
-3.4410106463985235e-15
0.0
9.677049058180078e-16
1.285682200155264e-16
-5.271093415517983e-16
-7.232810801959967e-17
2.3025850929940472
1.4741575893595787e-16
3.278829082851429e-16
-2.199574833175167e-15
0.0
3.649895420215804e-16
-5.471517118127741e-17
-6.846400316346833e-16
4.156459072944544e-16
1.9980477543040672e-16
8.584452952137895e-17
1.203972804325937
1.2039728043259386
0.0
2.6810589827330666e-15
3.8386145014312247e-16
-1.5119390665228325e-15
-2.464748626702748e-16
6.90775527898214
4.006117202583048e-16
1.0807925869048031e-15
-6.959848612284683e-15
0.0
2.6810589827330666e-15
3.8386145014312247e-16
-1.5119390665228325e-15
-2.464748626702748e-16
6.90775527898214
4.006117202583048e-16
1.0807925869048031e-15
-6.959848612284683e-15
0.0
0.0
0.0
0.0
0.0
0.0
0.0
0.0
0.0
0.0
1.5429236148876796e-16
-1.1469531381873042e-16
-8.94482289676124e-17
-3.231053067702101e-16
2.8101944757233394e-16
4.605170185988091
6.311730991512813e-15
-2.3783123441904253e-15
0.0
6.546354694478892e-16
-3.131468612193616e-16
-1.7626521701574743e-16
8.651565020926991e-16
9.474420549162911e-16
1.6094379124341005
3.2188758248682054
1.6773120592679434e-15
0.0
0.0
0.0
0.0
0.0
0.0
0.0
0.0
0.0
0.0
1.9047245717311825e-16
6.367614233209897e-17
-8.734753457289617e-16
7.631935451528456e-17
-1.9043698763111755e-16
-1.0074384844598528e-16
-1.5316888190237681e-16
1.609437912434102
0.0
1.3224849504459039e-15
-5.844029521295088e-16
-2.79893134865217e-16
2.0600478702768862e-15
2.3020683286703713e-15
1.1131730553329284e-15
6.907755278982143
5.0557490797477865e-15
0.0
6.852021637948829e-16
-8.588758425351221e-18
-1.863459005496773e-15
6.366323859338476e-16
1.0658503049749147e-16
6.470152886426582e-17
1.6094379124341014
3.218875824868206
0.0
8.222782320689696e-16
2.74205086248163e-16
-3.747832163227907e-15
3.3338235271808664e-16
-7.975103275014023e-16
-3.6364991291184946e-16
-6.058319628665168e-17
6.907755278982147
0.0
1.7778853906280148e-15
5.228844316973037e-16
-6.514956109188892e-15
5.452919569772017e-16
0.9162907318741544
-6.029302548749974e-16
-4.961991150224426e-16
11.911779514364031
0.0
1.575098107033636e-15
4.0880185019617084e-16
-4.533258803307066e-15
3.444967565500906e-16
1.6094379124340998
-4.132572798835811e-16
-5.004370782736758e-16
8.047189562170509
0.0
1.6094379124340985
-1.922515004054924e-16
9.124743290641083e-17
2.4959087528809345e-16
1.0927285217704926e-15
3.373953466965744e-16
1.609437912434102
1.8857805789330604e-15
0.0
6.262051135394992e-16
8.967574862250567e-17
-3.5323220980256465e-16
-4.7508360208857877e-17
1.609437912434101
1.0087027274212104e-16
2.584684282703383e-16
-1.7205053231992618e-15
0.0
2.3025850929940432
-7.899812759474433e-17
2.7301704144895623e-16
-2.6724926270112964e-16
1.050800015395975e-15
1.7742017136415636e-16
3.726106117433671e-16
1.0066461417690062e-15
0.0
1.6094379124340983
-5.200075184114028e-17
1.5658140387356975e-16
-2.361375184378322e-16
5.705750519024498e-16
1.0243120442809072e-16
5.81010220880593e-16
8.059978008498553e-16
0.0
1.6094379124340985
-1.922515004054924e-16
9.124743290641083e-17
2.4959087528809345e-16
1.0927285217704926e-15
3.373953466965744e-16
1.609437912434102
1.8857805789330604e-15
0.0
1.6094379124340987
4.1632110331820085e-17
-1.9404865600931372e-16
-2.281355391216586e-16
1.6094379124341014
1.6166068148600995e-16
7.31923582033429e-16
-9.018853186108311e-16
0.0
4.6051701859880865
-1.5799625518948867e-16
5.460340828979125e-16
-5.344985254022593e-16
2.10160003079195e-15
3.548403427283127e-16
7.452212234867342e-16
2.0132922835380124e-15
0.0
3.2188758248681966
-1.0400150368228056e-16
3.131628077471395e-16
-4.722750368756644e-16
1.1411501038048996e-15
2.0486240885618144e-16
1.162020441761186e-15
1.6119956016997106e-15
0.0
1.6094379124340987
4.1632110331820085e-17
-1.9404865600931372e-16
-2.281355391216586e-16
1.6094379124341014
1.6166068148600995e-16
7.31923582033429e-16
-9.018853186108311e-16
0.0
1.6094379124340983
7.650334985347036e-18
-7.316391043953755e-16
-1.0083740273275794e-16
3.662604090384072e-16
5.158295478227758e-18
4.104945483526288e-16
1.6094379124341032
0.0
5.653487630441983e-17
-4.001790943678928e-17
-2.1311154903749824e-17
-1.3405575452150545e-16
1.5987427620429273e-16
1.6094379124340998
2.028666994081651e-15
-7.119820670836339e-16
0.0
1.6094379124340976
2.4622489778053707e-16
1.2114865821598326e-15
1.6094379124341005
7.172927337995436e-16
-3.583189242009184e-17
1.6771415702079765e-15
-3.897090593616261e-16
0.0
1.6094379124340985
-1.922515004054924e-16
9.124743290641083e-17
2.4959087528809345e-16
1.0927285217704926e-15
3.373953466965744e-16
1.609437912434102
1.8857805789330604e-15
0.0
3.9477273384722146e-18
-3.142471814363124e-16
2.3025850929940472
-1.8011937392772895e-16
-9.712167144646126e-16
-1.9771885429151378e-17
-8.103766233908326e-16
-1.103551665333177e-15
0.0
7.895454676944429e-18
-6.284943628726248e-16
4.6051701859880945
-3.602387478554579e-16
-1.942433428929225e-15
-3.9543770858302756e-17
-1.6207532467816652e-15
-2.207103330666354e-15
0.0
7.895454676944429e-18
-6.284943628726248e-16
4.6051701859880945
-3.602387478554579e-16
-1.942433428929225e-15
-3.9543770858302756e-17
-1.6207532467816652e-15
-2.207103330666354e-15
0.0
7.895454676944429e-18
-6.284943628726248e-16
4.6051701859880945
-3.602387478554579e-16
-1.942433428929225e-15
-3.9543770858302756e-17
-1.6207532467816652e-15
-2.207103330666354e-15
0.0
1.1846586735557726e-15
-1.4170623939268126e-16
0.9162907318741547
4.628069082902381e-16
1.832581463748311
3.9294296623935135e-16
1.8325814637483118
0.9162907318741552
0.0
4.642451133007145e-18
-4.393332833495125e-16
3.2188758248682023
-2.3384463292206935e-16
-1.3726236309693968e-15
-3.0760575269070626e-17
-1.1351565281355088e-15
-1.6828746586358217e-15
0.0
1.927941464811187e-16
-1.558278662580248e-16
1.6094379124341
-4.060295196575554e-17
-8.073598559599138e-16
-1.0658306558239293e-16
-7.415638004899643e-16
1.6094379124341016
0.0
6.262051135394992e-16
8.967574862250567e-17
-3.5323220980256465e-16
-4.7508360208857877e-17
1.609437912434101
1.0087027274212104e-16
2.584684282703383e-16
-1.7205053231992618e-15
0.0
5.885285568044519e-17
-2.5952194009699017e-16
1.6094379124341007
-2.1975311827491971e-16
-5.541931717138444e-16
1.6094379124341
1.565171948229285e-15
-1.5787363765697377e-15
0.0
2.3212255665035727e-18
-2.1966664167475625e-16
1.6094379124341012
-1.1692231646103468e-16
-6.863118154846984e-16
-1.5380287634535313e-17
-5.675782640677544e-16
-8.414373293179108e-16
0.0
3.9477273384722146e-18
-3.142471814363124e-16
2.3025850929940472
-1.8011937392772895e-16
-9.712167144646126e-16
-1.9771885429151378e-17
-8.103766233908326e-16
-1.103551665333177e-15
0.0
7.895454676944429e-18
-6.284943628726248e-16
4.6051701859880945
-3.602387478554579e-16
-1.942433428929225e-15
-3.9543770858302756e-17
-1.6207532467816652e-15
-2.207103330666354e-15
0.0
1.927941464811187e-16
-1.558278662580248e-16
1.6094379124341
-4.060295196575554e-17
-8.073598559599138e-16
-1.0658306558239293e-16
-7.415638004899643e-16
1.6094379124341016
0.0
7.895454676944429e-18
-6.284943628726248e-16
4.6051701859880945
-3.602387478554579e-16
-1.942433428929225e-15
-3.9543770858302756e-17
-1.6207532467816652e-15
-2.207103330666354e-15
0.0
1.927941464811187e-16
-1.558278662580248e-16
1.6094379124341
-4.060295196575554e-17
-8.073598559599138e-16
-1.0658306558239293e-16
-7.415638004899643e-16
1.6094379124341016
0.0
2.3212255665035727e-18
-2.1966664167475625e-16
1.6094379124341012
-1.1692231646103468e-16
-6.863118154846984e-16
-1.5380287634535313e-17
-5.675782640677544e-16
-8.414373293179108e-16
0.0
3.9477273384722146e-18
-3.142471814363124e-16
2.3025850929940472
-1.8011937392772895e-16
-9.712167144646126e-16
-1.9771885429151378e-17
-8.103766233908326e-16
-1.103551665333177e-15
0.0
1.6710938367465632e-16
-7.774968489282035e-17
-3.332254573779776e-17
2.7118554115326903e-16
2.792638308887306e-16
1.1043582873363763e-16
0.9162907318741559
6.90034444186095e-16
0.0
1.927941464811187e-16
-1.558278662580248e-16
1.6094379124341
-4.060295196575554e-17
-8.073598559599138e-16
-1.0658306558239293e-16
-7.415638004899643e-16
1.6094379124341016
0.0
1.927941464811187e-16
-1.558278662580248e-16
1.6094379124341
-4.060295196575554e-17
-8.073598559599138e-16
-1.0658306558239293e-16
-7.415638004899643e-16
1.6094379124341016
0.0
1.6710938367465632e-16
-7.774968489282035e-17
-3.332254573779776e-17
2.7118554115326903e-16
2.792638308887306e-16
1.1043582873363763e-16
0.9162907318741559
6.90034444186095e-16
0.0
1.2871539530287438e-15
-1.1393530860548148e-15
9.656627474604607
-8.277756484048361e-16
3.2188758248681975
6.262122490548625e-17
-2.833021594762518e-15
-8.052262385382014e-15
0.0
6.45873419285272e-16
-1.2988247375458858e-16
1.6094379124341007
-1.6963485042448785e-16
1.6094379124341003
8.809203986146585e-17
-2.1196533020667786e-16
-2.4612448371302815e-15
0.0
2.3212255665035727e-18
-2.1966664167475625e-16
1.6094379124341012
-1.1692231646103468e-16
-6.863118154846984e-16
-1.5380287634535313e-17
-5.675782640677544e-16
-8.414373293179108e-16
0.0
1.9047245717311825e-16
6.367614233209897e-17
-8.734753457289617e-16
7.631935451528456e-17
-1.9043698763111755e-16
-1.0074384844598528e-16
-1.5316888190237681e-16
1.609437912434102
0.0
6.45873419285272e-16
-1.2988247375458858e-16
1.6094379124341007
-1.6963485042448785e-16
1.6094379124341003
8.809203986146585e-17
-2.1196533020667786e-16
-2.4612448371302815e-15
0.0
0.0
0.0
0.0
0.0
0.0
0.0
0.0
0.0
0.0
1.9354098116360155e-15
2.571364400310528e-16
-1.0542186831035966e-15
-1.4465621603919934e-16
4.6051701859880945
2.9483151787191574e-16
6.557658165702858e-16
-4.399149666350334e-15
0.0
1.9354098116360155e-15
2.571364400310528e-16
-1.0542186831035966e-15
-1.4465621603919934e-16
4.6051701859880945
2.9483151787191574e-16
6.557658165702858e-16
-4.399149666350334e-15
0.0
8.132082783411628e-16
1.533383393470351e-16
-1.2405853436045283e-15
2.8810997633091545e-17
1.6094379124341007
7.06534866012806e-18
2.232607517983472e-16
1.6094379124341005
0.0
8.132082783411628e-16
1.533383393470351e-16
-1.2405853436045283e-15
2.8810997633091545e-17
1.6094379124341007
7.06534866012806e-18
2.232607517983472e-16
1.6094379124341005
0.0
0.0
0.0
0.0
0.0
0.0
0.0
0.0
0.0
0.0
9.547475641688272e-16
-4.683450612511766e-17
-4.697405222502899e-16
4.243422324025938e-16
1.6094379124341014
2.803231419390066e-16
1.609437912434102
-3.956963911586319e-16
0.0
1.9354098116360155e-15
2.571364400310528e-16
-1.0542186831035966e-15
-1.4465621603919934e-16
4.6051701859880945
2.9483151787191574e-16
6.557658165702858e-16
-4.399149666350334e-15
0.0
1.9354098116360155e-15
2.571364400310528e-16
-1.0542186831035966e-15
-1.4465621603919934e-16
4.6051701859880945
2.9483151787191574e-16
6.557658165702858e-16
-4.399149666350334e-15
0.0
9.677049058180078e-16
1.285682200155264e-16
-5.271093415517983e-16
-7.232810801959967e-17
2.3025850929940472
1.4741575893595787e-16
3.278829082851429e-16
-2.199574833175167e-15
0.0
2.8690970552788044e-16
-1.3678130161239852e-16
-6.09971622772169e-17
4.753200528700648e-16
3.972533795977126e-16
1.9680022579699393e-16
1.6094379124341014
1.1719347349630017e-15
0.0
9.496309380241782e-16
1.3404116137702193e-16
-5.320893590836169e-16
-8.004195333735235e-17
2.407945608651873
1.596752600744291e-16
5.320413134835177e-16
-2.6506220150227848e-15
0.0
8.132082783411628e-16
1.533383393470351e-16
-1.2405853436045283e-15
2.8810997633091545e-17
1.6094379124341007
7.06534866012806e-18
2.232607517983472e-16
1.6094379124341005
0.0
1.9354098116360155e-15
2.571364400310528e-16
-1.0542186831035966e-15
-1.4465621603919934e-16
4.6051701859880945
2.9483151787191574e-16
6.557658165702858e-16
-4.399149666350334e-15
0.0
1.9354098116360155e-15
2.571364400310528e-16
-1.0542186831035966e-15
-1.4465621603919934e-16
4.6051701859880945
2.9483151787191574e-16
6.557658165702858e-16
-4.399149666350334e-15
0.0
9.547475641688272e-16
-4.683450612511766e-17
-4.697405222502899e-16
4.243422324025938e-16
1.6094379124341014
2.803231419390066e-16
1.609437912434102
-3.956963911586319e-16
0.0
1.9354098116360155e-15
2.571364400310528e-16
-1.0542186831035966e-15
-1.4465621603919934e-16
4.6051701859880945
2.9483151787191574e-16
6.557658165702858e-16
-4.399149666350334e-15
0.0
8.132082783411628e-16
1.533383393470351e-16
-1.2405853436045283e-15
2.8810997633091545e-17
1.6094379124341007
7.06534866012806e-18
2.232607517983472e-16
1.6094379124341005
0.0
6.862063451858934e-16
4.971203090260972e-17
-3.7974752983049766e-16
-1.399308178402172e-16
1.609437912434101
1.6094379124341
2.5438743155172996e-15
-2.5386934799509356e-15
0.0
9.547475641688272e-16
-4.683450612511766e-17
-4.697405222502899e-16
4.243422324025938e-16
1.6094379124341014
2.803231419390066e-16
1.609437912434102
-3.956963911586319e-16
0.0
9.547475641688272e-16
-4.683450612511766e-17
-4.697405222502899e-16
4.243422324025938e-16
1.6094379124341014
2.803231419390066e-16
1.609437912434102
-3.956963911586319e-16
0.0
0.0
0.0
0.0
0.0
0.0
0.0
0.0
0.0
0.0
0.0
0.0
0.0
0.0
0.0
0.0
0.0
0.0
0.0
1.9047245717311825e-16
6.367614233209897e-17
-8.734753457289617e-16
7.631935451528456e-17
-1.9043698763111755e-16
-1.0074384844598528e-16
-1.5316888190237681e-16
1.609437912434102
0.0
5.653487630441983e-17
-4.001790943678928e-17
-2.1311154903749824e-17
-1.3405575452150545e-16
1.5987427620429273e-16
1.6094379124340998
2.028666994081651e-15
-7.119820670836339e-16
0.0
3.607769768641679e-16
-1.7636561846050207e-16
-9.445135605481777e-17
3.794278954602223e-16
4.252884118892093e-16
1.6094379124341
1.6094379124341036
4.434100482450423e-16
0.0
7.995790212945964e-17
-5.898911619470965e-17
-1.4758751662930444e-17
-1.717736610660096e-16
1.7358739568870838e-16
2.407945608651872
3.2878260714032198e-15
-1.1982541529816711e-15
0.0
8.515963376736159e-16
-3.911920822280354e-16
-1.6346579104044646e-16
1.3641135657348404e-15
1.4606974951044364e-15
7.051095606056511e-16
4.605170185988095
3.426011420055769e-15
0.0
8.515963376736159e-16
-3.911920822280354e-16
-1.6346579104044646e-16
1.3641135657348404e-15
1.4606974951044364e-15
7.051095606056511e-16
4.605170185988095
3.426011420055769e-15
0.0
4.92994828565289e-16
-7.257660980162631e-17
-9.310030613194124e-16
5.564099002709504e-16
2.415108641917412e-16
1.585064529462588e-16
1.6094379124341014
1.6094379124341036
0.0
2.8690970552788044e-16
-1.3678130161239852e-16
-6.09971622772169e-17
4.753200528700648e-16
3.972533795977126e-16
1.9680022579699393e-16
1.6094379124341014
1.1719347349630017e-15
0.0
8.515963376736159e-16
-3.911920822280354e-16
-1.6346579104044646e-16
1.3641135657348404e-15
1.4606974951044364e-15
7.051095606056511e-16
4.605170185988095
3.426011420055769e-15
0.0
8.515963376736159e-16
-3.911920822280354e-16
-1.6346579104044646e-16
1.3641135657348404e-15
1.4606974951044364e-15
7.051095606056511e-16
4.605170185988095
3.426011420055769e-15
0.0
4.92994828565289e-16
-7.257660980162631e-17
-9.310030613194124e-16
5.564099002709504e-16
2.415108641917412e-16
1.585064529462588e-16
1.6094379124341014
1.6094379124341036
0.0
4.502916333624388e-16
-2.0424712310261493e-16
-9.134181294465489e-17
7.199930841744652e-16
7.263408136658928e-16
3.457378712008845e-16
2.4079456086518745
1.6640145949081166e-15
0.0
0.0
0.0
0.0
0.0
0.0
0.0
0.0
0.0
0.0
0.0
0.0
0.0
0.0
0.0
0.0
0.0
0.0
0.0
4.92994828565289e-16
-7.257660980162631e-17
-9.310030613194124e-16
5.564099002709504e-16
2.415108641917412e-16
1.585064529462588e-16
1.6094379124341014
1.6094379124341036
0.0
5.481850758313159e-16
1.8269496816262932e-16
-2.5101195979512836e-15
2.245678575755872e-16
-4.946661247283896e-16
-2.516852150400028e-16
-2.2542599246586153e-16
4.605170185988098
0.0
5.481850758313159e-16
1.8269496816262932e-16
-2.5101195979512836e-15
2.245678575755872e-16
-4.946661247283896e-16
-2.516852150400028e-16
-2.2542599246586153e-16
4.605170185988098
0.0
5.481850758313159e-16
1.8269496816262932e-16
-2.5101195979512836e-15
2.245678575755872e-16
-4.946661247283896e-16
-2.516852150400028e-16
-2.2542599246586153e-16
4.605170185988098
0.0
5.481850758313159e-16
1.8269496816262932e-16
-2.5101195979512836e-15
2.245678575755872e-16
-4.946661247283896e-16
-2.516852150400028e-16
-2.2542599246586153e-16
4.605170185988098
0.0
5.481850758313159e-16
1.8269496816262932e-16
-2.5101195979512836e-15
2.245678575755872e-16
-4.946661247283896e-16
-2.516852150400028e-16
-2.2542599246586153e-16
4.605170185988098
0.0
5.481850758313159e-16
1.8269496816262932e-16
-2.5101195979512836e-15
2.245678575755872e-16
-4.946661247283896e-16
-2.516852150400028e-16
-2.2542599246586153e-16
4.605170185988098
0.0
2.7409253791565793e-16
9.134748408131466e-17
-1.2550597989756418e-15
1.122839287877936e-16
-2.473330623641948e-16
-1.258426075200014e-16
-1.1271299623293077e-16
2.302585092994049
0.0
5.481850758313159e-16
1.8269496816262932e-16
-2.5101195979512836e-15
2.245678575755872e-16
-4.946661247283896e-16
-2.516852150400028e-16
-2.2542599246586153e-16
4.605170185988098
0.0
2.7409253791565793e-16
9.134748408131466e-17
-1.2550597989756418e-15
1.122839287877936e-16
-2.473330623641948e-16
-1.258426075200014e-16
-1.1271299623293077e-16
2.302585092994049
0.0
5.481850758313159e-16
1.8269496816262932e-16
-2.5101195979512836e-15
2.245678575755872e-16
-4.946661247283896e-16
-2.516852150400028e-16
-2.2542599246586153e-16
4.605170185988098
2.3025850929940455
-1.0884527562987658e-30
2.960528005451789e-31
5.7035480694105145e-31
-1.0707515172578903e-30
-7.19251533440085e-16
-1.0785624466678163e-15
-3.893323013451322e-15
-5.388186074235853e-16
0.0
2.3025850929940432
-7.899812759474433e-17
2.7301704144895623e-16
-2.6724926270112964e-16
1.050800015395975e-15
1.7742017136415636e-16
3.726106117433671e-16
1.0066461417690062e-15
0.0
2.3025850929940432
-7.899812759474433e-17
2.7301704144895623e-16
-2.6724926270112964e-16
1.050800015395975e-15
1.7742017136415636e-16
3.726106117433671e-16
1.0066461417690062e-15
0.0
2.3025850929940432
-7.899812759474433e-17
2.7301704144895623e-16
-2.6724926270112964e-16
1.050800015395975e-15
1.7742017136415636e-16
3.726106117433671e-16
1.0066461417690062e-15
0.0
2.3025850929940432
-7.899812759474433e-17
2.7301704144895623e-16
-2.6724926270112964e-16
1.050800015395975e-15
1.7742017136415636e-16
3.726106117433671e-16
1.0066461417690062e-15
0.0
2.3025850929940432
-7.899812759474433e-17
2.7301704144895623e-16
-2.6724926270112964e-16
1.050800015395975e-15
1.7742017136415636e-16
3.726106117433671e-16
1.0066461417690062e-15
0.0
2.3025850929940432
-7.899812759474433e-17
2.7301704144895623e-16
-2.6724926270112964e-16
1.050800015395975e-15
1.7742017136415636e-16
3.726106117433671e-16
1.0066461417690062e-15
0.0
2.3025850929940432
-7.899812759474433e-17
2.7301704144895623e-16
-2.6724926270112964e-16
1.050800015395975e-15
1.7742017136415636e-16
3.726106117433671e-16
1.0066461417690062e-15
0.0
2.3025850929940432
-7.899812759474433e-17
2.7301704144895623e-16
-2.6724926270112964e-16
1.050800015395975e-15
1.7742017136415636e-16
3.726106117433671e-16
1.0066461417690062e-15
0.0
2.3025850929940432
-7.899812759474433e-17
2.7301704144895623e-16
-2.6724926270112964e-16
1.050800015395975e-15
1.7742017136415636e-16
3.726106117433671e-16
1.0066461417690062e-15
0.0
2.3025850929940432
-7.899812759474433e-17
2.7301704144895623e-16
-2.6724926270112964e-16
1.050800015395975e-15
1.7742017136415636e-16
3.726106117433671e-16
1.0066461417690062e-15
0.0
0.0
0.0
0.0
0.0
0.0
0.0
0.0
0.0
0.0
2.3025850929940432
-7.899812759474433e-17
2.7301704144895623e-16
-2.6724926270112964e-16
1.050800015395975e-15
1.7742017136415636e-16
3.726106117433671e-16
1.0066461417690062e-15
0.0
2.3025850929940432
-7.899812759474433e-17
2.7301704144895623e-16
-2.6724926270112964e-16
1.050800015395975e-15
1.7742017136415636e-16
3.726106117433671e-16
1.0066461417690062e-15
0.0
2.3025850929940432
-7.899812759474433e-17
2.7301704144895623e-16
-2.6724926270112964e-16
1.050800015395975e-15
1.7742017136415636e-16
3.726106117433671e-16
1.0066461417690062e-15
0.0
2.3025850929940432
-7.899812759474433e-17
2.7301704144895623e-16
-2.6724926270112964e-16
1.050800015395975e-15
1.7742017136415636e-16
3.726106117433671e-16
1.0066461417690062e-15
0.0
4.158883083359666
-1.7504982776292688e-16
1.3862943611198926
1.3862943611198908
0.6931471805599471
5.075341752878367e-16
1.3862943611198937
3.833294189611435e-16
0.0
2.3025850929940432
-7.899812759474433e-17
2.7301704144895623e-16
-2.6724926270112964e-16
1.050800015395975e-15
1.7742017136415636e-16
3.726106117433671e-16
1.0066461417690062e-15
0.0
0.0
0.0
0.0
0.0
0.0
0.0
0.0
0.0
0.0
2.3025850929940432
-7.899812759474433e-17
2.7301704144895623e-16
-2.6724926270112964e-16
1.050800015395975e-15
1.7742017136415636e-16
3.726106117433671e-16
1.0066461417690062e-15
0.0
2.3025850929940432
-7.899812759474433e-17
2.7301704144895623e-16
-2.6724926270112964e-16
1.050800015395975e-15
1.7742017136415636e-16
3.726106117433671e-16
1.0066461417690062e-15
0.0
2.3025850929940432
-7.899812759474433e-17
2.7301704144895623e-16
-2.6724926270112964e-16
1.050800015395975e-15
1.7742017136415636e-16
3.726106117433671e-16
1.0066461417690062e-15
0.0
2.3025850929940432
-7.899812759474433e-17
2.7301704144895623e-16
-2.6724926270112964e-16
1.050800015395975e-15
1.7742017136415636e-16
3.726106117433671e-16
1.0066461417690062e-15
0.0
2.3025850929940432
-7.899812759474433e-17
2.7301704144895623e-16
-2.6724926270112964e-16
1.050800015395975e-15
1.7742017136415636e-16
3.726106117433671e-16
1.0066461417690062e-15
0.0
2.3025850929940432
-7.899812759474433e-17
2.7301704144895623e-16
-2.6724926270112964e-16
1.050800015395975e-15
1.7742017136415636e-16
3.726106117433671e-16
1.0066461417690062e-15
0.0
2.3025850929940432
-7.899812759474433e-17
2.7301704144895623e-16
-2.6724926270112964e-16
1.050800015395975e-15
1.7742017136415636e-16
3.726106117433671e-16
1.0066461417690062e-15
0.0
0.0
0.0
0.0
0.0
0.0
0.0
0.0
0.0
0.0
0.0
0.0
0.0
0.0
0.0
0.0
0.0
0.0
0.0
0.0
0.0
0.0
0.0
0.0
0.0
0.0
0.0
0.0
1.6094379124340976
1.6094379124341007
5.531261715780278e-15
-1.1321145193193282e-15
-2.565576861487646e-15
-1.6448584065309078e-15
1.5756165876874164e-14
7.663344243034886e-15
0.0
3.9477273384722146e-18
-3.142471814363124e-16
2.3025850929940472
-1.8011937392772895e-16
-9.712167144646126e-16
-1.9771885429151378e-17
-8.103766233908326e-16
-1.103551665333177e-15
0.0
3.9477273384722146e-18
-3.142471814363124e-16
2.3025850929940472
-1.8011937392772895e-16
-9.712167144646126e-16
-1.9771885429151378e-17
-8.103766233908326e-16
-1.103551665333177e-15
0.0
2.3212255665035727e-18
-2.1966664167475625e-16
1.6094379124341012
-1.1692231646103468e-16
-6.863118154846984e-16
-1.5380287634535313e-17
-5.675782640677544e-16
-8.414373293179108e-16
0.0
0.0
0.0
0.0
0.0
0.0
0.0
0.0
0.0
0.0
3.9477273384722146e-18
-3.142471814363124e-16
2.3025850929940472
-1.8011937392772895e-16
-9.712167144646126e-16
-1.9771885429151378e-17
-8.103766233908326e-16
-1.103551665333177e-15
0.0
3.9477273384722146e-18
-3.142471814363124e-16
2.3025850929940472
-1.8011937392772895e-16
-9.712167144646126e-16
-1.9771885429151378e-17
-8.103766233908326e-16
-1.103551665333177e-15
0.0
3.9477273384722146e-18
-3.142471814363124e-16
2.3025850929940472
-1.8011937392772895e-16
-9.712167144646126e-16
-1.9771885429151378e-17
-8.103766233908326e-16
-1.103551665333177e-15
0.0
3.9477273384722146e-18
-3.142471814363124e-16
2.3025850929940472
-1.8011937392772895e-16
-9.712167144646126e-16
-1.9771885429151378e-17
-8.103766233908326e-16
-1.103551665333177e-15
0.0
2.3212255665035727e-18
-2.1966664167475625e-16
1.6094379124341012
-1.1692231646103468e-16
-6.863118154846984e-16
-1.5380287634535313e-17
-5.675782640677544e-16
-8.414373293179108e-16
0.0
0.0
0.0
0.0
0.0
0.0
0.0
0.0
0.0
0.0
3.9477273384722146e-18
-3.142471814363124e-16
2.3025850929940472
-1.8011937392772895e-16
-9.712167144646126e-16
-1.9771885429151378e-17
-8.103766233908326e-16
-1.103551665333177e-15
0.0
3.9477273384722146e-18
-3.142471814363124e-16
2.3025850929940472
-1.8011937392772895e-16
-9.712167144646126e-16
-1.9771885429151378e-17
-8.103766233908326e-16
-1.103551665333177e-15
0.0
3.9477273384722146e-18
-3.142471814363124e-16
2.3025850929940472
-1.8011937392772895e-16
-9.712167144646126e-16
-1.9771885429151378e-17
-8.103766233908326e-16
-1.103551665333177e-15
0.0
1.4697030353034537e-16
-1.1661974301612527e-16
1.2039728043259361
-3.751740437554269e-17
-6.792200069045129e-16
-7.412622353252723e-17
-4.936558626097821e-16
1.2039728043259366
0.0
3.9477273384722146e-18
-3.142471814363124e-16
2.3025850929940472
-1.8011937392772895e-16
-9.712167144646126e-16
-1.9771885429151378e-17
-8.103766233908326e-16
-1.103551665333177e-15
0.0
3.9477273384722146e-18
-3.142471814363124e-16
2.3025850929940472
-1.8011937392772895e-16
-9.712167144646126e-16
-1.9771885429151378e-17
-8.103766233908326e-16
-1.103551665333177e-15
0.0
0.0
0.0
0.0
0.0
0.0
0.0
0.0
0.0
0.0
3.9477273384722146e-18
-3.142471814363124e-16
2.3025850929940472
-1.8011937392772895e-16
-9.712167144646126e-16
-1.9771885429151378e-17
-8.103766233908326e-16
-1.103551665333177e-15
0.0
3.9477273384722146e-18
-3.142471814363124e-16
2.3025850929940472
-1.8011937392772895e-16
-9.712167144646126e-16
-1.9771885429151378e-17
-8.103766233908326e-16
-1.103551665333177e-15
0.0
3.9477273384722146e-18
-3.142471814363124e-16
2.3025850929940472
-1.8011937392772895e-16
-9.712167144646126e-16
-1.9771885429151378e-17
-8.103766233908326e-16
-1.103551665333177e-15
0.0
3.9477273384722146e-18
-3.142471814363124e-16
2.3025850929940472
-1.8011937392772895e-16
-9.712167144646126e-16
-1.9771885429151378e-17
-8.103766233908326e-16
-1.103551665333177e-15
0.0
3.9477273384722146e-18
-3.142471814363124e-16
2.3025850929940472
-1.8011937392772895e-16
-9.712167144646126e-16
-1.9771885429151378e-17
-8.103766233908326e-16
-1.103551665333177e-15
0.0
3.9477273384722146e-18
-3.142471814363124e-16
2.3025850929940472
-1.8011937392772895e-16
-9.712167144646126e-16
-1.9771885429151378e-17
-8.103766233908326e-16
-1.103551665333177e-15
0.0
3.9477273384722146e-18
-3.142471814363124e-16
2.3025850929940472
-1.8011937392772895e-16
-9.712167144646126e-16
-1.9771885429151378e-17
-8.103766233908326e-16
-1.103551665333177e-15
0.0
0.0
0.0
0.0
0.0
0.0
0.0
0.0
0.0
0.0
3.9477273384722146e-18
-3.142471814363124e-16
2.3025850929940472
-1.8011937392772895e-16
-9.712167144646126e-16
-1.9771885429151378e-17
-8.103766233908326e-16
-1.103551665333177e-15
0.0
0.0
0.0
0.0
0.0
0.0
0.0
0.0
0.0
0.0
3.9477273384722146e-18
-3.142471814363124e-16
2.3025850929940472
-1.8011937392772895e-16
-9.712167144646126e-16
-1.9771885429151378e-17
-8.103766233908326e-16
-1.103551665333177e-15
0.0
3.9477273384722146e-18
-3.142471814363124e-16
2.3025850929940472
-1.8011937392772895e-16
-9.712167144646126e-16
-1.9771885429151378e-17
-8.103766233908326e-16
-1.103551665333177e-15
0.0
3.9477273384722146e-18
-3.142471814363124e-16
2.3025850929940472
-1.8011937392772895e-16
-9.712167144646126e-16
-1.9771885429151378e-17
-8.103766233908326e-16
-1.103551665333177e-15
0.0
2.3212255665035727e-18
-2.1966664167475625e-16
1.6094379124341012
-1.1692231646103468e-16
-6.863118154846984e-16
-1.5380287634535313e-17
-5.675782640677544e-16
-8.414373293179108e-16
0.0
2.3212255665035727e-18
-2.1966664167475625e-16
1.6094379124341012
-1.1692231646103468e-16
-6.863118154846984e-16
-1.5380287634535313e-17
-5.675782640677544e-16
-8.414373293179108e-16
0.0
3.9477273384722146e-18
-3.142471814363124e-16
2.3025850929940472
-1.8011937392772895e-16
-9.712167144646126e-16
-1.9771885429151378e-17
-8.103766233908326e-16
-1.103551665333177e-15
0.0
3.9477273384722146e-18
-3.142471814363124e-16
2.3025850929940472
-1.8011937392772895e-16
-9.712167144646126e-16
-1.9771885429151378e-17
-8.103766233908326e-16
-1.103551665333177e-15
0.0
3.9477273384722146e-18
-3.142471814363124e-16
2.3025850929940472
-1.8011937392772895e-16
-9.712167144646126e-16
-1.9771885429151378e-17
-8.103766233908326e-16
-1.103551665333177e-15
0.0
0.0
0.0
0.0
0.0
0.0
0.0
0.0
0.0
0.0
3.9477273384722146e-18
-3.142471814363124e-16
2.3025850929940472
-1.8011937392772895e-16
-9.712167144646126e-16
-1.9771885429151378e-17
-8.103766233908326e-16
-1.103551665333177e-15
0.0
3.9477273384722146e-18
-3.142471814363124e-16
2.3025850929940472
-1.8011937392772895e-16
-9.712167144646126e-16
-1.9771885429151378e-17
-8.103766233908326e-16
-1.103551665333177e-15
0.0
3.9477273384722146e-18
-3.142471814363124e-16
2.3025850929940472
-1.8011937392772895e-16
-9.712167144646126e-16
-1.9771885429151378e-17
-8.103766233908326e-16
-1.103551665333177e-15
0.0
0.0
0.0
0.0
0.0
0.0
0.0
0.0
0.0
0.0
3.9477273384722146e-18
-3.142471814363124e-16
2.3025850929940472
-1.8011937392772895e-16
-9.712167144646126e-16
-1.9771885429151378e-17
-8.103766233908326e-16
-1.103551665333177e-15
0.0
3.9477273384722146e-18
-3.142471814363124e-16
2.3025850929940472
-1.8011937392772895e-16
-9.712167144646126e-16
-1.9771885429151378e-17
-8.103766233908326e-16
-1.103551665333177e-15
0.0
0.0
0.0
0.0
0.0
0.0
0.0
0.0
0.0
0.0
2.3212255665035727e-18
-2.1966664167475625e-16
1.6094379124341012
-1.1692231646103468e-16
-6.863118154846984e-16
-1.5380287634535313e-17
-5.675782640677544e-16
-8.414373293179108e-16
0.0
2.3212255665035727e-18
-2.1966664167475625e-16
1.6094379124341012
-1.1692231646103468e-16
-6.863118154846984e-16
-1.5380287634535313e-17
-5.675782640677544e-16
-8.414373293179108e-16
0.0
3.9477273384722146e-18
-3.142471814363124e-16
2.3025850929940472
-1.8011937392772895e-16
-9.712167144646126e-16
-1.9771885429151378e-17
-8.103766233908326e-16
-1.103551665333177e-15
0.0
1.626637029905234e-18
-9.459239741817953e-17
0.6931471805599456
-5.0186628486036453e-17
-2.8837434356445898e-16
-4.825252011035824e-18
-2.341247340122266e-16
-3.382300128475575e-16
0.0
3.9477273384722146e-18
-3.142471814363124e-16
2.3025850929940472
-1.8011937392772895e-16
-9.712167144646126e-16
-1.9771885429151378e-17
-8.103766233908326e-16
-1.103551665333177e-15
0.0
3.9477273384722146e-18
-3.142471814363124e-16
2.3025850929940472
-1.8011937392772895e-16
-9.712167144646126e-16
-1.9771885429151378e-17
-8.103766233908326e-16
-1.103551665333177e-15
0.0
3.9477273384722146e-18
-3.142471814363124e-16
2.3025850929940472
-1.8011937392772895e-16
-9.712167144646126e-16
-1.9771885429151378e-17
-8.103766233908326e-16
-1.103551665333177e-15
0.0
0.0
0.0
0.0
0.0
0.0
0.0
0.0
0.0
0.0
3.9477273384722146e-18
-3.142471814363124e-16
2.3025850929940472
-1.8011937392772895e-16
-9.712167144646126e-16
-1.9771885429151378e-17
-8.103766233908326e-16
-1.103551665333177e-15
0.0
3.9477273384722146e-18
-3.142471814363124e-16
2.3025850929940472
-1.8011937392772895e-16
-9.712167144646126e-16
-1.9771885429151378e-17
-8.103766233908326e-16
-1.103551665333177e-15
0.0
3.9477273384722146e-18
-3.142471814363124e-16
2.3025850929940472
-1.8011937392772895e-16
-9.712167144646126e-16
-1.9771885429151378e-17
-8.103766233908326e-16
-1.103551665333177e-15
0.0
3.9477273384722146e-18
-3.142471814363124e-16
2.3025850929940472
-1.8011937392772895e-16
-9.712167144646126e-16
-1.9771885429151378e-17
-8.103766233908326e-16
-1.103551665333177e-15
0.0
3.9477273384722146e-18
-3.142471814363124e-16
2.3025850929940472
-1.8011937392772895e-16
-9.712167144646126e-16
-1.9771885429151378e-17
-8.103766233908326e-16
-1.103551665333177e-15
0.0
3.9477273384722146e-18
-3.142471814363124e-16
2.3025850929940472
-1.8011937392772895e-16
-9.712167144646126e-16
-1.9771885429151378e-17
-8.103766233908326e-16
-1.103551665333177e-15
0.0
3.9477273384722146e-18
-3.142471814363124e-16
2.3025850929940472
-1.8011937392772895e-16
-9.712167144646126e-16
-1.9771885429151378e-17
-8.103766233908326e-16
-1.103551665333177e-15
0.0
3.9477273384722146e-18
-3.142471814363124e-16
2.3025850929940472
-1.8011937392772895e-16
-9.712167144646126e-16
-1.9771885429151378e-17
-8.103766233908326e-16
-1.103551665333177e-15
0.0
0.0
0.0
0.0
0.0
0.0
0.0
0.0
0.0
0.0
3.9477273384722146e-18
-3.142471814363124e-16
2.3025850929940472
-1.8011937392772895e-16
-9.712167144646126e-16
-1.9771885429151378e-17
-8.103766233908326e-16
-1.103551665333177e-15
0.0
3.9477273384722146e-18
-3.142471814363124e-16
2.3025850929940472
-1.8011937392772895e-16
-9.712167144646126e-16
-1.9771885429151378e-17
-8.103766233908326e-16
-1.103551665333177e-15
0.0
0.0
0.0
0.0
0.0
0.0
0.0
0.0
0.0
0.0
3.9477273384722146e-18
-3.142471814363124e-16
2.3025850929940472
-1.8011937392772895e-16
-9.712167144646126e-16
-1.9771885429151378e-17
-8.103766233908326e-16
-1.103551665333177e-15
0.0
3.9477273384722146e-18
-3.142471814363124e-16
2.3025850929940472
-1.8011937392772895e-16
-9.712167144646126e-16
-1.9771885429151378e-17
-8.103766233908326e-16
-1.103551665333177e-15
0.0
3.9477273384722146e-18
-3.142471814363124e-16
2.3025850929940472
-1.8011937392772895e-16
-9.712167144646126e-16
-1.9771885429151378e-17
-8.103766233908326e-16
-1.103551665333177e-15
0.0
3.9477273384722146e-18
-3.142471814363124e-16
2.3025850929940472
-1.8011937392772895e-16
-9.712167144646126e-16
-1.9771885429151378e-17
-8.103766233908326e-16
-1.103551665333177e-15
0.0
0.0
0.0
0.0
0.0
0.0
0.0
0.0
0.0
0.0
3.9477273384722146e-18
-3.142471814363124e-16
2.3025850929940472
-1.8011937392772895e-16
-9.712167144646126e-16
-1.9771885429151378e-17
-8.103766233908326e-16
-1.103551665333177e-15
0.0
3.9477273384722146e-18
-3.142471814363124e-16
2.3025850929940472
-1.8011937392772895e-16
-9.712167144646126e-16
-1.9771885429151378e-17
-8.103766233908326e-16
-1.103551665333177e-15
0.0
3.9477273384722146e-18
-3.142471814363124e-16
2.3025850929940472
-1.8011937392772895e-16
-9.712167144646126e-16
-1.9771885429151378e-17
-8.103766233908326e-16
-1.103551665333177e-15
0.0
3.9477273384722146e-18
-3.142471814363124e-16
2.3025850929940472
-1.8011937392772895e-16
-9.712167144646126e-16
-1.9771885429151378e-17
-8.103766233908326e-16
-1.103551665333177e-15
0.0
-2.118745967142022e-16
3.0435115280371835e-16
1.0531705237589997e-15
1.6094379124341007
1.1549195587091476e-16
-7.929041828709078e-17
1.2227638064433442e-15
-1.1628016419139016e-15
0.0
-2.444940012769713e-16
4.3584163298082374e-16
1.4973894997958587e-15
2.302585092994047
8.717523836854184e-17
-7.935321933121019e-17
1.8214522493460907e-15
-1.7249855418463633e-15
0.0
-2.444940012769713e-16
4.3584163298082374e-16
1.4973894997958587e-15
2.302585092994047
8.717523836854184e-17
-7.935321933121019e-17
1.8214522493460907e-15
-1.7249855418463633e-15
0.0
0.0
0.0
0.0
0.0
0.0
0.0
0.0
0.0
0.0
0.0
0.0
0.0
0.0
0.0
0.0
0.0
0.0
0.0
-2.444940012769713e-16
4.3584163298082374e-16
1.4973894997958587e-15
2.302585092994047
8.717523836854184e-17
-7.935321933121019e-17
1.8214522493460907e-15
-1.7249855418463633e-15
0.0
-2.444940012769713e-16
4.3584163298082374e-16
1.4973894997958587e-15
2.302585092994047
8.717523836854184e-17
-7.935321933121019e-17
1.8214522493460907e-15
-1.7249855418463633e-15
0.0
-2.444940012769713e-16
4.3584163298082374e-16
1.4973894997958587e-15
2.302585092994047
8.717523836854184e-17
-7.935321933121019e-17
1.8214522493460907e-15
-1.7249855418463633e-15
0.0
-2.444940012769713e-16
4.3584163298082374e-16
1.4973894997958587e-15
2.302585092994047
8.717523836854184e-17
-7.935321933121019e-17
1.8214522493460907e-15
-1.7249855418463633e-15
0.0
9.677049058180078e-16
1.285682200155264e-16
-5.271093415517983e-16
-7.232810801959967e-17
2.3025850929940472
1.4741575893595787e-16
3.278829082851429e-16
-2.199574833175167e-15
0.0
9.677049058180078e-16
1.285682200155264e-16
-5.271093415517983e-16
-7.232810801959967e-17
2.3025850929940472
1.4741575893595787e-16
3.278829082851429e-16
-2.199574833175167e-15
0.0
9.677049058180078e-16
1.285682200155264e-16
-5.271093415517983e-16
-7.232810801959967e-17
2.3025850929940472
1.4741575893595787e-16
3.278829082851429e-16
-2.199574833175167e-15
0.0
0.0
0.0
0.0
0.0
0.0
0.0
0.0
0.0
0.0
9.677049058180078e-16
1.285682200155264e-16
-5.271093415517983e-16
-7.232810801959967e-17
2.3025850929940472
1.4741575893595787e-16
3.278829082851429e-16
-2.199574833175167e-15
0.0
0.0
0.0
0.0
0.0
0.0
0.0
0.0
0.0
0.0
9.677049058180078e-16
1.285682200155264e-16
-5.271093415517983e-16
-7.232810801959967e-17
2.3025850929940472
1.4741575893595787e-16
3.278829082851429e-16
-2.199574833175167e-15
0.0
9.677049058180078e-16
1.285682200155264e-16
-5.271093415517983e-16
-7.232810801959967e-17
2.3025850929940472
1.4741575893595787e-16
3.278829082851429e-16
-2.199574833175167e-15
0.0
9.677049058180078e-16
1.285682200155264e-16
-5.271093415517983e-16
-7.232810801959967e-17
2.3025850929940472
1.4741575893595787e-16
3.278829082851429e-16
-2.199574833175167e-15
0.0
9.677049058180078e-16
1.285682200155264e-16
-5.271093415517983e-16
-7.232810801959967e-17
2.3025850929940472
1.4741575893595787e-16
3.278829082851429e-16
-2.199574833175167e-15
0.0
6.262051135394992e-16
8.967574862250567e-17
-3.5323220980256465e-16
-4.7508360208857877e-17
1.609437912434101
1.0087027274212104e-16
2.584684282703383e-16
-1.7205053231992618e-15
0.0
0.0
0.0
0.0
0.0
0.0
0.0
0.0
0.0
0.0
9.677049058180078e-16
1.285682200155264e-16
-5.271093415517983e-16
-7.232810801959967e-17
2.3025850929940472
1.4741575893595787e-16
3.278829082851429e-16
-2.199574833175167e-15
0.0
9.677049058180078e-16
1.285682200155264e-16
-5.271093415517983e-16
-7.232810801959967e-17
2.3025850929940472
1.4741575893595787e-16
3.278829082851429e-16
-2.199574833175167e-15
0.0
9.677049058180078e-16
1.285682200155264e-16
-5.271093415517983e-16
-7.232810801959967e-17
2.3025850929940472
1.4741575893595787e-16
3.278829082851429e-16
-2.199574833175167e-15
0.0
9.677049058180078e-16
1.285682200155264e-16
-5.271093415517983e-16
-7.232810801959967e-17
2.3025850929940472
1.4741575893595787e-16
3.278829082851429e-16
-2.199574833175167e-15
0.0
9.677049058180078e-16
1.285682200155264e-16
-5.271093415517983e-16
-7.232810801959967e-17
2.3025850929940472
1.4741575893595787e-16
3.278829082851429e-16
-2.199574833175167e-15
0.0
9.677049058180078e-16
1.285682200155264e-16
-5.271093415517983e-16
-7.232810801959967e-17
2.3025850929940472
1.4741575893595787e-16
3.278829082851429e-16
-2.199574833175167e-15
0.0
9.677049058180078e-16
1.285682200155264e-16
-5.271093415517983e-16
-7.232810801959967e-17
2.3025850929940472
1.4741575893595787e-16
3.278829082851429e-16
-2.199574833175167e-15
0.0
9.677049058180078e-16
1.285682200155264e-16
-5.271093415517983e-16
-7.232810801959967e-17
2.3025850929940472
1.4741575893595787e-16
3.278829082851429e-16
-2.199574833175167e-15
0.0
9.677049058180078e-16
1.285682200155264e-16
-5.271093415517983e-16
-7.232810801959967e-17
2.3025850929940472
1.4741575893595787e-16
3.278829082851429e-16
-2.199574833175167e-15
0.0
9.677049058180078e-16
1.285682200155264e-16
-5.271093415517983e-16
-7.232810801959967e-17
2.3025850929940472
1.4741575893595787e-16
3.278829082851429e-16
-2.199574833175167e-15
0.0
9.677049058180078e-16
1.285682200155264e-16
-5.271093415517983e-16
-7.232810801959967e-17
2.3025850929940472
1.4741575893595787e-16
3.278829082851429e-16
-2.199574833175167e-15
0.0
9.677049058180078e-16
1.285682200155264e-16
-5.271093415517983e-16
-7.232810801959967e-17
2.3025850929940472
1.4741575893595787e-16
3.278829082851429e-16
-2.199574833175167e-15
0.0
9.677049058180078e-16
1.285682200155264e-16
-5.271093415517983e-16
-7.232810801959967e-17
2.3025850929940472
1.4741575893595787e-16
3.278829082851429e-16
-2.199574833175167e-15
0.0
9.677049058180078e-16
1.285682200155264e-16
-5.271093415517983e-16
-7.232810801959967e-17
2.3025850929940472
1.4741575893595787e-16
3.278829082851429e-16
-2.199574833175167e-15
0.0
9.677049058180078e-16
1.285682200155264e-16
-5.271093415517983e-16
-7.232810801959967e-17
2.3025850929940472
1.4741575893595787e-16
3.278829082851429e-16
-2.199574833175167e-15
0.0
9.677049058180078e-16
1.285682200155264e-16
-5.271093415517983e-16
-7.232810801959967e-17
2.3025850929940472
1.4741575893595787e-16
3.278829082851429e-16
-2.199574833175167e-15
0.0
9.677049058180078e-16
1.285682200155264e-16
-5.271093415517983e-16
-7.232810801959967e-17
2.3025850929940472
1.4741575893595787e-16
3.278829082851429e-16
-2.199574833175167e-15
0.0
1.4255356040728477e-15
2.4247198688329804e-16
-1.5313675082719277e-15
-3.60445973355344e-17
3.2188758248682015
9.752728054638825e-17
3.221346202788192e-16
1.6094379124340987
0.0
9.677049058180078e-16
1.285682200155264e-16
-5.271093415517983e-16
-7.232810801959967e-17
2.3025850929940472
1.4741575893595787e-16
3.278829082851429e-16
-2.199574833175167e-15
0.0
9.677049058180078e-16
1.285682200155264e-16
-5.271093415517983e-16
-7.232810801959967e-17
2.3025850929940472
1.4741575893595787e-16
3.278829082851429e-16
-2.199574833175167e-15
0.0
9.677049058180078e-16
1.285682200155264e-16
-5.271093415517983e-16
-7.232810801959967e-17
2.3025850929940472
1.4741575893595787e-16
3.278829082851429e-16
-2.199574833175167e-15
0.0
0.0
0.0
0.0
0.0
0.0
0.0
0.0
0.0
0.0
9.677049058180078e-16
1.285682200155264e-16
-5.271093415517983e-16
-7.232810801959967e-17
2.3025850929940472
1.4741575893595787e-16
3.278829082851429e-16
-2.199574833175167e-15
0.0
0.0
0.0
0.0
0.0
0.0
0.0
0.0
0.0
0.0
9.677049058180078e-16
1.285682200155264e-16
-5.271093415517983e-16
-7.232810801959967e-17
2.3025850929940472
1.4741575893595787e-16
3.278829082851429e-16
-2.199574833175167e-15
0.0
9.677049058180078e-16
1.285682200155264e-16
-5.271093415517983e-16
-7.232810801959967e-17
2.3025850929940472
1.4741575893595787e-16
3.278829082851429e-16
-2.199574833175167e-15
0.0
9.677049058180078e-16
1.285682200155264e-16
-5.271093415517983e-16
-7.232810801959967e-17
2.3025850929940472
1.4741575893595787e-16
3.278829082851429e-16
-2.199574833175167e-15
0.0
9.677049058180078e-16
1.285682200155264e-16
-5.271093415517983e-16
-7.232810801959967e-17
2.3025850929940472
1.4741575893595787e-16
3.278829082851429e-16
-2.199574833175167e-15
0.0
9.677049058180078e-16
1.285682200155264e-16
-5.271093415517983e-16
-7.232810801959967e-17
2.3025850929940472
1.4741575893595787e-16
3.278829082851429e-16
-2.199574833175167e-15
0.0
1.9354098116360155e-15
2.571364400310528e-16
-1.0542186831035966e-15
-1.4465621603919934e-16
4.6051701859880945
2.9483151787191574e-16
6.557658165702858e-16
-4.399149666350334e-15
0.0
4.748154690120891e-16
6.702058068851097e-17
-2.6604467954180846e-16
-4.0020976668676177e-17
1.2039728043259366
7.983763003721455e-17
2.6602065674175884e-16
-1.3253110075113924e-15
0.0
9.677049058180078e-16
1.285682200155264e-16
-5.271093415517983e-16
-7.232810801959967e-17
2.3025850929940472
1.4741575893595787e-16
3.278829082851429e-16
-2.199574833175167e-15
0.0
9.677049058180078e-16
1.285682200155264e-16
-5.271093415517983e-16
-7.232810801959967e-17
2.3025850929940472
1.4741575893595787e-16
3.278829082851429e-16
-2.199574833175167e-15
0.0
9.677049058180078e-16
1.285682200155264e-16
-5.271093415517983e-16
-7.232810801959967e-17
2.3025850929940472
1.4741575893595787e-16
3.278829082851429e-16
-2.199574833175167e-15
0.0
9.677049058180078e-16
1.285682200155264e-16
-5.271093415517983e-16
-7.232810801959967e-17
2.3025850929940472
1.4741575893595787e-16
3.278829082851429e-16
-2.199574833175167e-15
0.0
3.2188758248681983
1.6995842434684924e-16
-6.441850103487393e-16
-6.425572766103413e-16
4.828313737302303
4.762337055144661e-16
1.0076096290023062e-15
-2.6635903938477135e-15
0.0
9.677049058180078e-16
1.285682200155264e-16
-5.271093415517983e-16
-7.232810801959967e-17
2.3025850929940472
1.4741575893595787e-16
3.278829082851429e-16
-2.199574833175167e-15
0.0
0.0
0.0
0.0
0.0
0.0
0.0
0.0
0.0
0.0
9.677049058180078e-16
1.285682200155264e-16
-5.271093415517983e-16
-7.232810801959967e-17
2.3025850929940472
1.4741575893595787e-16
3.278829082851429e-16
-2.199574833175167e-15
0.0
9.677049058180078e-16
1.285682200155264e-16
-5.271093415517983e-16
-7.232810801959967e-17
2.3025850929940472
1.4741575893595787e-16
3.278829082851429e-16
-2.199574833175167e-15
0.0
9.677049058180078e-16
1.285682200155264e-16
-5.271093415517983e-16
-7.232810801959967e-17
2.3025850929940472
1.4741575893595787e-16
3.278829082851429e-16
-2.199574833175167e-15
0.0
9.677049058180078e-16
1.285682200155264e-16
-5.271093415517983e-16
-7.232810801959967e-17
2.3025850929940472
1.4741575893595787e-16
3.278829082851429e-16
-2.199574833175167e-15
0.0
0.0
0.0
0.0
0.0
0.0
0.0
0.0
0.0
0.0
2.651679402425559e-16
3.83774514518399e-17
-1.4959099619068695e-16
-2.655455778000502e-17
0.6931471805599454
3.960580032771764e-17
1.76967099862332e-16
-7.219833407795288e-16
0.0
9.677049058180078e-16
1.285682200155264e-16
-5.271093415517983e-16
-7.232810801959967e-17
2.3025850929940472
1.4741575893595787e-16
3.278829082851429e-16
-2.199574833175167e-15
0.0
9.677049058180078e-16
1.285682200155264e-16
-5.271093415517983e-16
-7.232810801959967e-17
2.3025850929940472
1.4741575893595787e-16
3.278829082851429e-16
-2.199574833175167e-15
0.0
9.677049058180078e-16
1.285682200155264e-16
-5.271093415517983e-16
-7.232810801959967e-17
2.3025850929940472
1.4741575893595787e-16
3.278829082851429e-16
-2.199574833175167e-15
0.0
9.677049058180078e-16
1.285682200155264e-16
-5.271093415517983e-16
-7.232810801959967e-17
2.3025850929940472
1.4741575893595787e-16
3.278829082851429e-16
-2.199574833175167e-15
0.0
9.677049058180078e-16
1.285682200155264e-16
-5.271093415517983e-16
-7.232810801959967e-17
2.3025850929940472
1.4741575893595787e-16
3.278829082851429e-16
-2.199574833175167e-15
0.0
0.0
0.0
0.0
0.0
0.0
0.0
0.0
0.0
0.0
7.714618074438398e-17
-5.734765690936521e-17
-4.47241144838062e-17
-1.6155265338510504e-16
1.4050972378616697e-16
2.3025850929940455
3.1558654957564065e-15
-1.1891561720952127e-15
0.0
7.714618074438398e-17
-5.734765690936521e-17
-4.47241144838062e-17
-1.6155265338510504e-16
1.4050972378616697e-16
2.3025850929940455
3.1558654957564065e-15
-1.1891561720952127e-15
0.0
5.653487630441983e-17
-4.001790943678928e-17
-2.1311154903749824e-17
-1.3405575452150545e-16
1.5987427620429273e-16
1.6094379124340998
2.028666994081651e-15
-7.119820670836339e-16
0.0
0.0
0.0
0.0
0.0
0.0
0.0
0.0
0.0
0.0
0.0
0.0
0.0
0.0
0.0
0.0
0.0
0.0
0.0
7.714618074438398e-17
-5.734765690936521e-17
-4.47241144838062e-17
-1.6155265338510504e-16
1.4050972378616697e-16
2.3025850929940455
3.1558654957564065e-15
-1.1891561720952127e-15
0.0
0.0
0.0
0.0
0.0
0.0
0.0
0.0
0.0
0.0
7.714618074438398e-17
-5.734765690936521e-17
-4.47241144838062e-17
-1.6155265338510504e-16
1.4050972378616697e-16
2.3025850929940455
3.1558654957564065e-15
-1.1891561720952127e-15
0.0
7.714618074438398e-17
-5.734765690936521e-17
-4.47241144838062e-17
-1.6155265338510504e-16
1.4050972378616697e-16
2.3025850929940455
3.1558654957564065e-15
-1.1891561720952127e-15
0.0
7.714618074438398e-17
-5.734765690936521e-17
-4.47241144838062e-17
-1.6155265338510504e-16
1.4050972378616697e-16
2.3025850929940455
3.1558654957564065e-15
-1.1891561720952127e-15
0.0
7.714618074438398e-17
-5.734765690936521e-17
-4.47241144838062e-17
-1.6155265338510504e-16
1.4050972378616697e-16
2.3025850929940455
3.1558654957564065e-15
-1.1891561720952127e-15
0.0
0.0
0.0
0.0
0.0
0.0
0.0
0.0
0.0
0.0
7.714618074438398e-17
-5.734765690936521e-17
-4.47241144838062e-17
-1.6155265338510504e-16
1.4050972378616697e-16
2.3025850929940455
3.1558654957564065e-15
-1.1891561720952127e-15
0.0
7.714618074438398e-17
-5.734765690936521e-17
-4.47241144838062e-17
-1.6155265338510504e-16
1.4050972378616697e-16
2.3025850929940455
3.1558654957564065e-15
-1.1891561720952127e-15
0.0
7.714618074438398e-17
-5.734765690936521e-17
-4.47241144838062e-17
-1.6155265338510504e-16
1.4050972378616697e-16
2.3025850929940455
3.1558654957564065e-15
-1.1891561720952127e-15
0.0
0.0
0.0
0.0
0.0
0.0
0.0
0.0
0.0
0.0
7.714618074438398e-17
-5.734765690936521e-17
-4.47241144838062e-17
-1.6155265338510504e-16
1.4050972378616697e-16
2.3025850929940455
3.1558654957564065e-15
-1.1891561720952127e-15
0.0
2.8690970552788044e-16
-1.3678130161239852e-16
-6.09971622772169e-17
4.753200528700648e-16
3.972533795977126e-16
1.9680022579699393e-16
1.6094379124341014
1.1719347349630017e-15
0.0
4.2579816883680795e-16
-1.955960411140177e-16
-8.173289552022323e-17
6.820567828674202e-16
7.303487475522182e-16
3.5255478030282556e-16
2.3025850929940477
1.7130057100278844e-15
0.0
4.2579816883680795e-16
-1.955960411140177e-16
-8.173289552022323e-17
6.820567828674202e-16
7.303487475522182e-16
3.5255478030282556e-16
2.3025850929940477
1.7130057100278844e-15
0.0
0.0
0.0
0.0
0.0
0.0
0.0
0.0
0.0
0.0
2.9964097233573347e-16
-3.5628530284582994e-16
1.6094379124341012
3.575304112643552e-16
-3.3763066345262656e-16
1.9790014624517414e-16
1.6094379124341014
2.785641356451056e-16
0.0
4.2579816883680795e-16
-1.955960411140177e-16
-8.173289552022323e-17
6.820567828674202e-16
7.303487475522182e-16
3.5255478030282556e-16
2.3025850929940477
1.7130057100278844e-15
0.0
4.2579816883680795e-16
-1.955960411140177e-16
-8.173289552022323e-17
6.820567828674202e-16
7.303487475522182e-16
3.5255478030282556e-16
2.3025850929940477
1.7130057100278844e-15
0.0
4.2579816883680795e-16
-1.955960411140177e-16
-8.173289552022323e-17
6.820567828674202e-16
7.303487475522182e-16
3.5255478030282556e-16
2.3025850929940477
1.7130057100278844e-15
0.0
4.2579816883680795e-16
-1.955960411140177e-16
-8.173289552022323e-17
6.820567828674202e-16
7.303487475522182e-16
3.5255478030282556e-16
2.3025850929940477
1.7130057100278844e-15
0.0
4.2579816883680795e-16
-1.955960411140177e-16
-8.173289552022323e-17
6.820567828674202e-16
7.303487475522182e-16
3.5255478030282556e-16
2.3025850929940477
1.7130057100278844e-15
0.0
4.2579816883680795e-16
-1.955960411140177e-16
-8.173289552022323e-17
6.820567828674202e-16
7.303487475522182e-16
3.5255478030282556e-16
2.3025850929940477
1.7130057100278844e-15
0.0
4.2579816883680795e-16
-1.955960411140177e-16
-8.173289552022323e-17
6.820567828674202e-16
7.303487475522182e-16
3.5255478030282556e-16
2.3025850929940477
1.7130057100278844e-15
0.0
4.2579816883680795e-16
-1.955960411140177e-16
-8.173289552022323e-17
6.820567828674202e-16
7.303487475522182e-16
3.5255478030282556e-16
2.3025850929940477
1.7130057100278844e-15
0.0
4.2579816883680795e-16
-1.955960411140177e-16
-8.173289552022323e-17
6.820567828674202e-16
7.303487475522182e-16
3.5255478030282556e-16
2.3025850929940477
1.7130057100278844e-15
0.0
4.2579816883680795e-16
-1.955960411140177e-16
-8.173289552022323e-17
6.820567828674202e-16
7.303487475522182e-16
3.5255478030282556e-16
2.3025850929940477
1.7130057100278844e-15
0.0
4.2579816883680795e-16
-1.955960411140177e-16
-8.173289552022323e-17
6.820567828674202e-16
7.303487475522182e-16
3.5255478030282556e-16
2.3025850929940477
1.7130057100278844e-15
0.0
4.2579816883680795e-16
-1.955960411140177e-16
-8.173289552022323e-17
6.820567828674202e-16
7.303487475522182e-16
3.5255478030282556e-16
2.3025850929940477
1.7130057100278844e-15
0.0
4.2579816883680795e-16
-1.955960411140177e-16
-8.173289552022323e-17
6.820567828674202e-16
7.303487475522182e-16
3.5255478030282556e-16
2.3025850929940477
1.7130057100278844e-15
0.0
4.2579816883680795e-16
-1.955960411140177e-16
-8.173289552022323e-17
6.820567828674202e-16
7.303487475522182e-16
3.5255478030282556e-16
2.3025850929940477
1.7130057100278844e-15
0.0
4.2579816883680795e-16
-1.955960411140177e-16
-8.173289552022323e-17
6.820567828674202e-16
7.303487475522182e-16
3.5255478030282556e-16
2.3025850929940477
1.7130057100278844e-15
0.0
4.2579816883680795e-16
-1.955960411140177e-16
-8.173289552022323e-17
6.820567828674202e-16
7.303487475522182e-16
3.5255478030282556e-16
2.3025850929940477
1.7130057100278844e-15
0.0
0.0
0.0
0.0
0.0
0.0
0.0
0.0
0.0
0.0
4.2579816883680795e-16
-1.955960411140177e-16
-8.173289552022323e-17
6.820567828674202e-16
7.303487475522182e-16
3.5255478030282556e-16
2.3025850929940477
1.7130057100278844e-15
0.0
4.2579816883680795e-16
-1.955960411140177e-16
-8.173289552022323e-17
6.820567828674202e-16
7.303487475522182e-16
3.5255478030282556e-16
2.3025850929940477
1.7130057100278844e-15
0.0
4.2579816883680795e-16
-1.955960411140177e-16
-8.173289552022323e-17
6.820567828674202e-16
7.303487475522182e-16
3.5255478030282556e-16
2.3025850929940477
1.7130057100278844e-15
0.0
4.2579816883680795e-16
-1.955960411140177e-16
-8.173289552022323e-17
6.820567828674202e-16
7.303487475522182e-16
3.5255478030282556e-16
2.3025850929940477
1.7130057100278844e-15
0.0
4.2579816883680795e-16
-1.955960411140177e-16
-8.173289552022323e-17
6.820567828674202e-16
7.303487475522182e-16
3.5255478030282556e-16
2.3025850929940477
1.7130057100278844e-15
0.0
4.2579816883680795e-16
-1.955960411140177e-16
-8.173289552022323e-17
6.820567828674202e-16
7.303487475522182e-16
3.5255478030282556e-16
2.3025850929940477
1.7130057100278844e-15
0.0
4.2579816883680795e-16
-1.955960411140177e-16
-8.173289552022323e-17
6.820567828674202e-16
7.303487475522182e-16
3.5255478030282556e-16
2.3025850929940477
1.7130057100278844e-15
0.0
2.8690970552788044e-16
-1.3678130161239852e-16
-6.09971622772169e-17
4.753200528700648e-16
3.972533795977126e-16
1.9680022579699393e-16
1.6094379124341014
1.1719347349630017e-15
0.0
0.0
0.0
0.0
0.0
0.0
0.0
0.0
0.0
0.0
4.2579816883680795e-16
-1.955960411140177e-16
-8.173289552022323e-17
6.820567828674202e-16
7.303487475522182e-16
3.5255478030282556e-16
2.3025850929940477
1.7130057100278844e-15
0.0
4.2579816883680795e-16
-1.955960411140177e-16
-8.173289552022323e-17
6.820567828674202e-16
7.303487475522182e-16
3.5255478030282556e-16
2.3025850929940477
1.7130057100278844e-15
0.0
4.2579816883680795e-16
-1.955960411140177e-16
-8.173289552022323e-17
6.820567828674202e-16
7.303487475522182e-16
3.5255478030282556e-16
2.3025850929940477
1.7130057100278844e-15
0.0
4.2579816883680795e-16
-1.955960411140177e-16
-8.173289552022323e-17
6.820567828674202e-16
7.303487475522182e-16
3.5255478030282556e-16
2.3025850929940477
1.7130057100278844e-15
0.0
4.2579816883680795e-16
-1.955960411140177e-16
-8.173289552022323e-17
6.820567828674202e-16
7.303487475522182e-16
3.5255478030282556e-16
2.3025850929940477
1.7130057100278844e-15
0.0
4.2579816883680795e-16
-1.955960411140177e-16
-8.173289552022323e-17
6.820567828674202e-16
7.303487475522182e-16
3.5255478030282556e-16
2.3025850929940477
1.7130057100278844e-15
0.0
4.2579816883680795e-16
-1.955960411140177e-16
-8.173289552022323e-17
6.820567828674202e-16
7.303487475522182e-16
3.5255478030282556e-16
2.3025850929940477
1.7130057100278844e-15
0.0
2.8690970552788044e-16
-1.3678130161239852e-16
-6.09971622772169e-17
4.753200528700648e-16
3.972533795977126e-16
1.9680022579699393e-16
1.6094379124341014
1.1719347349630017e-15
0.0
4.2579816883680795e-16
-1.955960411140177e-16
-8.173289552022323e-17
6.820567828674202e-16
7.303487475522182e-16
3.5255478030282556e-16
2.3025850929940477
1.7130057100278844e-15
0.0
4.2579816883680795e-16
-1.955960411140177e-16
-8.173289552022323e-17
6.820567828674202e-16
7.303487475522182e-16
3.5255478030282556e-16
2.3025850929940477
1.7130057100278844e-15
0.0
4.2579816883680795e-16
-1.955960411140177e-16
-8.173289552022323e-17
6.820567828674202e-16
7.303487475522182e-16
3.5255478030282556e-16
2.3025850929940477
1.7130057100278844e-15
0.0
4.2579816883680795e-16
-1.955960411140177e-16
-8.173289552022323e-17
6.820567828674202e-16
7.303487475522182e-16
3.5255478030282556e-16
2.3025850929940477
1.7130057100278844e-15
0.0
2.8690970552788044e-16
-1.3678130161239852e-16
-6.09971622772169e-17
4.753200528700648e-16
3.972533795977126e-16
1.9680022579699393e-16
1.6094379124341014
1.1719347349630017e-15
0.0
4.2579816883680795e-16
-1.955960411140177e-16
-8.173289552022323e-17
6.820567828674202e-16
7.303487475522182e-16
3.5255478030282556e-16
2.3025850929940477
1.7130057100278844e-15
0.0
4.2579816883680795e-16
-1.955960411140177e-16
-8.173289552022323e-17
6.820567828674202e-16
7.303487475522182e-16
3.5255478030282556e-16
2.3025850929940477
1.7130057100278844e-15
0.0
2.8690970552788044e-16
-1.3678130161239852e-16
-6.09971622772169e-17
4.753200528700648e-16
3.972533795977126e-16
1.9680022579699393e-16
1.6094379124341014
1.1719347349630017e-15
0.0
0.0
0.0
0.0
0.0
0.0
0.0
0.0
0.0
0.0
2.8690970552788044e-16
-1.3678130161239852e-16
-6.09971622772169e-17
4.753200528700648e-16
3.972533795977126e-16
1.9680022579699393e-16
1.6094379124341014
1.1719347349630017e-15
0.0
4.2579816883680795e-16
-1.955960411140177e-16
-8.173289552022323e-17
6.820567828674202e-16
7.303487475522182e-16
3.5255478030282556e-16
2.3025850929940477
1.7130057100278844e-15
0.0
4.2579816883680795e-16
-1.955960411140177e-16
-8.173289552022323e-17
6.820567828674202e-16
7.303487475522182e-16
3.5255478030282556e-16
2.3025850929940477
1.7130057100278844e-15
0.0
4.2579816883680795e-16
-1.955960411140177e-16
-8.173289552022323e-17
6.820567828674202e-16
7.303487475522182e-16
3.5255478030282556e-16
2.3025850929940477
1.7130057100278844e-15
0.0
2.251458166812194e-16
-1.0212356155130746e-16
-4.5670906472327444e-17
3.599965420872326e-16
3.631704068329464e-16
1.7286893560044225e-16
1.2039728043259372
8.320072974540583e-16
0.0
4.2579816883680795e-16
-1.955960411140177e-16
-8.173289552022323e-17
6.820567828674202e-16
7.303487475522182e-16
3.5255478030282556e-16
2.3025850929940477
1.7130057100278844e-15
0.0
4.2579816883680795e-16
-1.955960411140177e-16
-8.173289552022323e-17
6.820567828674202e-16
7.303487475522182e-16
3.5255478030282556e-16
2.3025850929940477
1.7130057100278844e-15
0.0
4.2579816883680795e-16
-1.955960411140177e-16
-8.173289552022323e-17
6.820567828674202e-16
7.303487475522182e-16
3.5255478030282556e-16
2.3025850929940477
1.7130057100278844e-15
0.0
4.2579816883680795e-16
-1.955960411140177e-16
-8.173289552022323e-17
6.820567828674202e-16
7.303487475522182e-16
3.5255478030282556e-16
2.3025850929940477
1.7130057100278844e-15
0.0
4.2579816883680795e-16
-1.955960411140177e-16
-8.173289552022323e-17
6.820567828674202e-16
7.303487475522182e-16
3.5255478030282556e-16
2.3025850929940477
1.7130057100278844e-15
0.0
2.251458166812194e-16
-1.0212356155130746e-16
-4.5670906472327444e-17
3.599965420872326e-16
3.631704068329464e-16
1.7286893560044225e-16
1.2039728043259372
8.320072974540583e-16
0.0
9.666878583813198e-17
-4.341722387520589e-17
-2.1465731581114712e-17
1.515251551471976e-16
1.1681126678948093e-16
6.568724762366275e-17
0.510825623765991
3.6208732156910826e-16
0.0
4.2579816883680795e-16
-1.955960411140177e-16
-8.173289552022323e-17
6.820567828674202e-16
7.303487475522182e-16
3.5255478030282556e-16
2.3025850929940477
1.7130057100278844e-15
0.0
4.2579816883680795e-16
-1.955960411140177e-16
-8.173289552022323e-17
6.820567828674202e-16
7.303487475522182e-16
3.5255478030282556e-16
2.3025850929940477
1.7130057100278844e-15
0.0
0.0
0.0
0.0
0.0
0.0
0.0
0.0
0.0
0.0
2.7409253791565793e-16
9.134748408131466e-17
-1.2550597989756418e-15
1.122839287877936e-16
-2.473330623641948e-16
-1.258426075200014e-16
-1.1271299623293077e-16
2.302585092994049
0.0
2.7409253791565793e-16
9.134748408131466e-17
-1.2550597989756418e-15
1.122839287877936e-16
-2.473330623641948e-16
-1.258426075200014e-16
-1.1271299623293077e-16
2.302585092994049
0.0
0.0
0.0
0.0
0.0
0.0
0.0
0.0
0.0
0.0
2.7409253791565793e-16
9.134748408131466e-17
-1.2550597989756418e-15
1.122839287877936e-16
-2.473330623641948e-16
-1.258426075200014e-16
-1.1271299623293077e-16
2.302585092994049
0.0
2.7409253791565793e-16
9.134748408131466e-17
-1.2550597989756418e-15
1.122839287877936e-16
-2.473330623641948e-16
-1.258426075200014e-16
-1.1271299623293077e-16
2.302585092994049
0.0
2.7409253791565793e-16
9.134748408131466e-17
-1.2550597989756418e-15
1.122839287877936e-16
-2.473330623641948e-16
-1.258426075200014e-16
-1.1271299623293077e-16
2.302585092994049
0.0
0.0
0.0
0.0
0.0
0.0
0.0
0.0
0.0
0.0
2.7409253791565793e-16
9.134748408131466e-17
-1.2550597989756418e-15
1.122839287877936e-16
-2.473330623641948e-16
-1.258426075200014e-16
-1.1271299623293077e-16
2.302585092994049
0.0
2.7409253791565793e-16
9.134748408131466e-17
-1.2550597989756418e-15
1.122839287877936e-16
-2.473330623641948e-16
-1.258426075200014e-16
-1.1271299623293077e-16
2.302585092994049
0.0
0.0
0.0
0.0
0.0
0.0
0.0
0.0
0.0
0.0
2.7409253791565793e-16
9.134748408131466e-17
-1.2550597989756418e-15
1.122839287877936e-16
-2.473330623641948e-16
-1.258426075200014e-16
-1.1271299623293077e-16
2.302585092994049
0.0
2.7409253791565793e-16
9.134748408131466e-17
-1.2550597989756418e-15
1.122839287877936e-16
-2.473330623641948e-16
-1.258426075200014e-16
-1.1271299623293077e-16
2.302585092994049
0.0
2.7409253791565793e-16
9.134748408131466e-17
-1.2550597989756418e-15
1.122839287877936e-16
-2.473330623641948e-16
-1.258426075200014e-16
-1.1271299623293077e-16
2.302585092994049
0.0
2.7409253791565793e-16
9.134748408131466e-17
-1.2550597989756418e-15
1.122839287877936e-16
-2.473330623641948e-16
-1.258426075200014e-16
-1.1271299623293077e-16
2.302585092994049
0.0
0.0
0.0
0.0
0.0
0.0
0.0
0.0
0.0
0.0
2.7409253791565793e-16
9.134748408131466e-17
-1.2550597989756418e-15
1.122839287877936e-16
-2.473330623641948e-16
-1.258426075200014e-16
-1.1271299623293077e-16
2.302585092994049
0.0
2.7409253791565793e-16
9.134748408131466e-17
-1.2550597989756418e-15
1.122839287877936e-16
-2.473330623641948e-16
-1.258426075200014e-16
-1.1271299623293077e-16
2.302585092994049
0.0
0.0
0.0
0.0
0.0
0.0
0.0
0.0
0.0
0.0
2.7409253791565793e-16
9.134748408131466e-17
-1.2550597989756418e-15
1.122839287877936e-16
-2.473330623641948e-16
-1.258426075200014e-16
-1.1271299623293077e-16
2.302585092994049
0.0
2.7409253791565793e-16
9.134748408131466e-17
-1.2550597989756418e-15
1.122839287877936e-16
-2.473330623641948e-16
-1.258426075200014e-16
-1.1271299623293077e-16
2.302585092994049
0.0
2.7409253791565793e-16
9.134748408131466e-17
-1.2550597989756418e-15
1.122839287877936e-16
-2.473330623641948e-16
-1.258426075200014e-16
-1.1271299623293077e-16
2.302585092994049
0.0
0.0
0.0
0.0
0.0
0.0
0.0
0.0
0.0
0.0
2.7409253791565793e-16
9.134748408131466e-17
-1.2550597989756418e-15
1.122839287877936e-16
-2.473330623641948e-16
-1.258426075200014e-16
-1.1271299623293077e-16
2.302585092994049
0.0
0.0
0.0
0.0
0.0
0.0
0.0
0.0
0.0
0.0
0.0
0.0
0.0
0.0
0.0
0.0
0.0
0.0
0.0
2.7409253791565793e-16
9.134748408131466e-17
-1.2550597989756418e-15
1.122839287877936e-16
-2.473330623641948e-16
-1.258426075200014e-16
-1.1271299623293077e-16
2.302585092994049
0.0
2.7409253791565793e-16
9.134748408131466e-17
-1.2550597989756418e-15
1.122839287877936e-16
-2.473330623641948e-16
-1.258426075200014e-16
-1.1271299623293077e-16
2.302585092994049
0.0
2.7409253791565793e-16
9.134748408131466e-17
-1.2550597989756418e-15
1.122839287877936e-16
-2.473330623641948e-16
-1.258426075200014e-16
-1.1271299623293077e-16
2.302585092994049
0.0
0.0
0.0
0.0
0.0
0.0
0.0
0.0
0.0
0.0
0.0
0.0
0.0
0.0
0.0
0.0
0.0
0.0
0.0
2.7409253791565793e-16
9.134748408131466e-17
-1.2550597989756418e-15
1.122839287877936e-16
-2.473330623641948e-16
-1.258426075200014e-16
-1.1271299623293077e-16
2.302585092994049
0.0
2.7409253791565793e-16
9.134748408131466e-17
-1.2550597989756418e-15
1.122839287877936e-16
-2.473330623641948e-16
-1.258426075200014e-16
-1.1271299623293077e-16
2.302585092994049
0.0
2.7409253791565793e-16
9.134748408131466e-17
-1.2550597989756418e-15
1.122839287877936e-16
-2.473330623641948e-16
-1.258426075200014e-16
-1.1271299623293077e-16
2.302585092994049
0.0
1.9047245717311825e-16
6.367614233209897e-17
-8.734753457289617e-16
7.631935451528456e-17
-1.9043698763111755e-16
-1.0074384844598528e-16
-1.5316888190237681e-16
1.609437912434102
0.0
2.7409253791565793e-16
9.134748408131466e-17
-1.2550597989756418e-15
1.122839287877936e-16
-2.473330623641948e-16
-1.258426075200014e-16
-1.1271299623293077e-16
2.302585092994049
0.0
2.7409253791565793e-16
9.134748408131466e-17
-1.2550597989756418e-15
1.122839287877936e-16
-2.473330623641948e-16
-1.258426075200014e-16
-1.1271299623293077e-16
2.302585092994049
0.0
0.0
0.0
0.0
0.0
0.0
0.0
0.0
0.0
0.0
2.7409253791565793e-16
9.134748408131466e-17
-1.2550597989756418e-15
1.122839287877936e-16
-2.473330623641948e-16
-1.258426075200014e-16
-1.1271299623293077e-16
2.302585092994049
0.0
2.7409253791565793e-16
9.134748408131466e-17
-1.2550597989756418e-15
1.122839287877936e-16
-2.473330623641948e-16
-1.258426075200014e-16
-1.1271299623293077e-16
2.302585092994049
0.0
2.7409253791565793e-16
9.134748408131466e-17
-1.2550597989756418e-15
1.122839287877936e-16
-2.473330623641948e-16
-1.258426075200014e-16
-1.1271299623293077e-16
2.302585092994049
0.0
2.7409253791565793e-16
9.134748408131466e-17
-1.2550597989756418e-15
1.122839287877936e-16
-2.473330623641948e-16
-1.258426075200014e-16
-1.1271299623293077e-16
2.302585092994049
0.0
2.7409253791565793e-16
9.134748408131466e-17
-1.2550597989756418e-15
1.122839287877936e-16
-2.473330623641948e-16
-1.258426075200014e-16
-1.1271299623293077e-16
2.302585092994049
0.0
0.0
0.0
0.0
0.0
0.0
0.0
0.0
0.0
0.0
2.7409253791565793e-16
9.134748408131466e-17
-1.2550597989756418e-15
1.122839287877936e-16
-2.473330623641948e-16
-1.258426075200014e-16
-1.1271299623293077e-16
2.302585092994049
0.0
0.0
0.0
0.0
0.0
0.0
0.0
0.0
0.0
0.0
2.7409253791565793e-16
9.134748408131466e-17
-1.2550597989756418e-15
1.122839287877936e-16
-2.473330623641948e-16
-1.258426075200014e-16
-1.1271299623293077e-16
2.302585092994049
0.0
2.7409253791565793e-16
9.134748408131466e-17
-1.2550597989756418e-15
1.122839287877936e-16
-2.473330623641948e-16
-1.258426075200014e-16
-1.1271299623293077e-16
2.302585092994049
0.0
2.7409253791565793e-16
9.134748408131466e-17
-1.2550597989756418e-15
1.122839287877936e-16
-2.473330623641948e-16
-1.258426075200014e-16
-1.1271299623293077e-16
2.302585092994049
0.0
2.7409253791565793e-16
9.134748408131466e-17
-1.2550597989756418e-15
1.122839287877936e-16
-2.473330623641948e-16
-1.258426075200014e-16
-1.1271299623293077e-16
2.302585092994049
0.0
1.9047245717311825e-16
6.367614233209897e-17
-8.734753457289617e-16
7.631935451528456e-17
-1.9043698763111755e-16
-1.0074384844598528e-16
-1.5316888190237681e-16
1.609437912434102
0.0
2.7409253791565793e-16
9.134748408131466e-17
-1.2550597989756418e-15
1.122839287877936e-16
-2.473330623641948e-16
-1.258426075200014e-16
-1.1271299623293077e-16
2.302585092994049
0.0
2.7409253791565793e-16
9.134748408131466e-17
-1.2550597989756418e-15
1.122839287877936e-16
-2.473330623641948e-16
-1.258426075200014e-16
-1.1271299623293077e-16
2.302585092994049
0.0
2.7409253791565793e-16
9.134748408131466e-17
-1.2550597989756418e-15
1.122839287877936e-16
-2.473330623641948e-16
-1.258426075200014e-16
-1.1271299623293077e-16
2.302585092994049
0.0
2.7409253791565793e-16
9.134748408131466e-17
-1.2550597989756418e-15
1.122839287877936e-16
-2.473330623641948e-16
-1.258426075200014e-16
-1.1271299623293077e-16
2.302585092994049
0.0
0.0
0.0
0.0
0.0
0.0
0.0
0.0
0.0
0.0
2.7409253791565793e-16
9.134748408131466e-17
-1.2550597989756418e-15
1.122839287877936e-16
-2.473330623641948e-16
-1.258426075200014e-16
-1.1271299623293077e-16
2.302585092994049
0.0
0.0
0.0
0.0
0.0
0.0
0.0
0.0
0.0
0.0
2.7409253791565793e-16
9.134748408131466e-17
-1.2550597989756418e-15
1.122839287877936e-16
-2.473330623641948e-16
-1.258426075200014e-16
-1.1271299623293077e-16
2.302585092994049
0.0
2.7409253791565793e-16
9.134748408131466e-17
-1.2550597989756418e-15
1.122839287877936e-16
-2.473330623641948e-16
-1.258426075200014e-16
-1.1271299623293077e-16
2.302585092994049
0.0
0.0
0.0
0.0
0.0
0.0
0.0
0.0
0.0
0.0
2.7409253791565793e-16
9.134748408131466e-17
-1.2550597989756418e-15
1.122839287877936e-16
-2.473330623641948e-16
-1.258426075200014e-16
-1.1271299623293077e-16
2.302585092994049
0.0
2.7409253791565793e-16
9.134748408131466e-17
-1.2550597989756418e-15
1.122839287877936e-16
-2.473330623641948e-16
-1.258426075200014e-16
-1.1271299623293077e-16
2.302585092994049
0.0
2.7409253791565793e-16
9.134748408131466e-17
-1.2550597989756418e-15
1.122839287877936e-16
-2.473330623641948e-16
-1.258426075200014e-16
-1.1271299623293077e-16
2.302585092994049
0.0
1.9047245717311825e-16
6.367614233209897e-17
-8.734753457289617e-16
7.631935451528456e-17
-1.9043698763111755e-16
-1.0074384844598528e-16
-1.5316888190237681e-16
1.609437912434102
0.0
2.7409253791565793e-16
9.134748408131466e-17
-1.2550597989756418e-15
1.122839287877936e-16
-2.473330623641948e-16
-1.258426075200014e-16
-1.1271299623293077e-16
2.302585092994049
0.0
2.7409253791565793e-16
9.134748408131466e-17
-1.2550597989756418e-15
1.122839287877936e-16
-2.473330623641948e-16
-1.258426075200014e-16
-1.1271299623293077e-16
2.302585092994049
0.0
8.132082783411628e-16
1.533383393470351e-16
-1.2405853436045283e-15
2.8810997633091545e-17
1.6094379124341007
7.06534866012806e-18
2.232607517983472e-16
1.6094379124341005
0.0
8.222782320689696e-16
2.74205086248163e-16
-3.747832163227907e-15
3.3338235271808664e-16
-7.975103275014023e-16
-3.6364991291184946e-16
-6.058319628665168e-17
6.907755278982147
